1000;2;
1.4194439341656513;1.0484978338211433;
1.201131167231858;0.7743946055309507;
1.3760571549725624;1.0167312190464464;
1.5908613202139352;0.9463914865064836;
1.7116837745713296;0.7337488135625867;
1.7000357667451471;0.9687040008008466;
2.002253751504933;1.0839521953419213;
1.5776977483166732;0.9417487575248157;
1.3699806155655039;1.0933749816051948;
1.63191549561841;0.8084868457343517;
1.6505834448927936;0.833834325672816;
1.7239210658571866;0.6758185705665579;
1.4389140525185289;1.0222749043601644;
1.3846482590531854;0.7896700924437619;
1.5947044681744795;1.071830072871996;
1.549355294681849;1.133507404121687;
1.692025046014587;0.7405925507735978;
1.5090171377481116;0.8111199998501268;
2.0569382795076643;0.7321427124814913;
1.5804154362341594;1.007700822388166;
1.3690224532018807;0.7046678824980858;
1.3877345374943306;0.8590094785219639;
1.7853546756390384;1.2295902868405302;
1.516994455913737;0.9888422397746807;
1.8335863756637796;0.684021475518569;
1.2644892318911376;0.46730278065317266;
1.7632715874931688;1.0934547510918227;
2.0463678104349867;0.5986507110992733;
1.4636221995449425;1.1344681301594477;
1.372507639237637;1.0641724448565864;
1.8519967047964707;0.891557367875802;
1.6662143151516962;1.2663591804997654;
1.3466683311302245;0.7933735745817563;
1.7055179895014294;0.7960764783675854;
1.804652400837369;0.8629536087381922;
1.573050388253124;0.7869440320732225;
1.674489271225478;1.1715174579409702;
1.4352459445696648;0.9212698720050423;
1.463925808979455;0.8440108684544391;
1.1779808131911165;0.7316144804489338;
1.518158982638562;1.1039568707416512;
1.843790311074702;1.0656898566142565;
1.3535342995647424;0.8946468054338786;
1.6456065917645228;1.0170183396226649;
1.7277398916729558;1.0822475552905697;
1.5885777623782438;1.4837776563580105;
1.4129431514344648;0.6316579105397837;
1.6648726037602473;0.9851089935312181;
1.5925353881283488;1.147333557869223;
1.334765239947362;0.7761971860854638;
1.5870267105414477;0.8893581168638123;
1.6228090522652177;1.1219322921771284;
1.670829235239358;0.5645736393230678;
1.6904256778201625;0.8336760633767704;
1.6223259329248376;0.9627448601569747;
1.76566536542746;0.7684702477081329;
1.5935056767802553;0.8995582241153943;
1.237742903189528;0.7763472234567564;
1.5290198951840928;1.1553142140763557;
1.5584802966138156;1.0258600231653452;
1.6370008340131987;1.018280248911377;
1.9051800503759162;0.7700854050610964;
1.4647626319924485;1.0757132224922874;
1.7678164640693188;0.9727083978539408;
1.7191129942870713;0.6417075323552992;
1.8576547787352742;0.9493102941834819;
1.606724341222372;0.928307143496112;
2.076571445907227;0.8902265243762365;
1.914990360962807;1.0610664256452231;
1.5835585001173473;0.8582802877683684;
1.5545703978591596;0.8751782681623671;
1.7668693713840444;0.6296818273129309;
1.7329657700461762;0.9130078423327881;
1.685272711884703;0.7697062236877028;
1.8883262223518567;0.5022226606610958;
1.8408289729302956;0.7427894332640443;
1.7614739213925976;0.8883671122125569;
1.6580008990533746;0.9742014163719855;
1.8735012808244478;1.1612554856102113;
1.610878939693343;1.1268937715176546;
1.5668577407735758;0.8369788734585677;
1.6069704287943984;0.8717094280981567;
1.6702119600490621;0.9072144745269713;
1.6095879000807618;1.030336598202062;
1.30902508136302;0.5497881459238099;
1.7458162608903978;0.9033297311550585;
1.6762821267296844;0.9127352531254249;
1.4297255272373457;0.9323549338705329;
1.9967380894017555;1.0223393352119456;
1.4958148917329381;1.1198457291824115;
1.7363713833886607;1.0701626945154925;
1.4839487164659788;0.9794501220747296;
1.4928808496047208;1.0037295138477145;
1.4960577985085552;0.7740933357887656;
1.7787489823643994;0.9168476858618688;
1.7171432264821005;0.8723904829748651;
1.7893145849486172;0.7511503742080282;
1.825293092323212;1.4012104619377026;
1.9864018070830893;0.7535516144904315;
1.296119713398591;1.1344466579609043;
1.6382091746783072;0.9266185171867677;
1.8504016339804266;0.5044745064402336;
1.6619570986158143;0.46669880063617003;
1.7340238387164293;0.7065178266126443;
1.5689245304014672;0.8696779295970066;
1.7439335112677972;1.0496337771257755;
1.623994960241523;0.994154707097581;
1.4991427487685978;1.2279080559724576;
1.8562168788209417;0.6970618378367752;
1.485637574708462;0.911556025044352;
1.977542382198606;1.0871525745769985;
1.4036400526959498;1.013502908303712;
1.657224349351121;0.8176155093602865;
1.7010690262647619;1.0524351476557083;
1.8992323654611318;0.6714402690015034;
1.4713032681398217;1.0235658892481678;
2.0511708273190483;0.9689188416699358;
1.8231050514271696;0.8788908930021341;
1.942628639568041;0.5729194405251643;
1.6628569024829902;0.980190533518915;
1.5973084014950183;0.7942961131031856;
1.4792758272930584;0.7599679421421792;
1.8896825578159622;0.4259260539991507;
1.6123029804653766;0.89025451822961;
1.6492648543789286;0.6041699943972482;
1.8141018347636129;1.0112965263854494;
1.6172212459381416;0.9331422387181518;
1.727843449159222;0.6971259454890032;
1.7514235238668008;1.0536419447549425;
1.8640384254520581;0.8590302652241224;
1.6331165211432568;0.8397007314803304;
1.8577200972201486;0.965177962719554;
1.4979639636393187;1.0713114560321095;
1.819396952640478;0.7247774711457272;
1.3810088022207427;1.0333637465386487;
1.722612709166882;0.7994008969251257;
1.8595663156288422;1.1423758389127037;
1.5359784952996485;1.1134796166390164;
1.9109372054998741;0.5040599057413737;
1.5107325594966703;1.0993397736223922;
1.5277645659156456;0.4924460967983932;
1.7650345951581756;0.94288217593038;
1.7977251089659134;0.6195433614007368;
1.1026318316737589;1.302573411831658;
1.6059468476608396;0.7564534000970453;
1.6837022844632552;0.9785953164187424;
1.6998594066438921;0.9130372224228972;
1.5621152052324923;0.9568754472829906;
1.6303665539042294;0.5670179697562869;
1.7376359618554937;0.870545296942077;
1.6764658145691975;1.0181164891021044;
1.5559194425674903;1.0116177561274848;
1.3868546230996375;0.766144880210596;
1.6571835495835947;0.8971714412972185;
1.3595967168506;0.9611336480183457;
1.7157315796997612;1.2344176993605582;
1.7309349160303793;0.6743405108604299;
1.5075583209649615;0.8527000528950244;
1.1888523011723449;0.6903053535893969;
1.4559370885973284;0.8514932866099242;
1.6087399427558595;0.7383761586868826;
1.2860240611812574;1.0815140153301337;
1.4739662827836035;0.8354311377445186;
1.200985701479856;0.6204712806315911;
1.496276576771533;1.099054848958158;
1.757849380526201;0.9058904289157284;
1.6859668731019701;1.1937211175185338;
1.384195449186909;0.8825599422282652;
1.3660681697029926;1.1360495846935503;
1.7887709892670116;0.8239747593080796;
1.4409067065114496;1.0154024536274688;
1.6367887233667762;0.6241063009207077;
1.3289398535992536;0.840153945250881;
1.9151158912906783;0.9807091832571248;
1.4320817407364457;1.062005157052806;
1.4383293113895372;0.756373623040205;
1.5668325257257787;0.6470875452387903;
1.8774485169508635;0.7135511705932733;
1.9462094840640465;0.7831411233045288;
1.6590525946539791;1.1680776667506247;
1.4564981578687874;0.885341190271893;
1.3964322606221087;0.5937009716261155;
1.6972607196174614;0.9098453706931517;
1.5583525433340308;0.6009188393181681;
1.8544505001210632;0.7404356964417004;
1.6157329048262328;0.863281821296315;
1.3465442116751567;1.1492284464327194;
1.8875831236152019;0.8687331960047904;
1.3792257936898231;0.9045538230048232;
1.8257273463124633;0.9282773679395513;
1.7090842086877354;1.1568042366012552;
1.5876320763968186;0.7024803319148811;
1.9586183677016802;0.7783735523404107;
1.8348961222685978;0.8587365663248776;
1.8016483108483092;1.1181386693230184;
1.8396941329762388;1.2146151092542308;
1.548518770093291;0.3789072636594577;
1.6754686998804595;1.0246078013169135;
0.35826615209151746;1.3286458164797912;
0.48934071928061074;1.8321518219399975;
0.4504438952333186;1.5919009508690494;
0.7274387925845216;1.132764180726199;
0.2461143485376842;1.8590483734634509;
0.6410232056777518;1.7227714144291326;
0.43265657105845123;1.9546885699186671;
0.6512572841763522;1.9465661588482726;
0.760272680972394;1.4748530757819642;
0.825063133960913;1.426421064822483;
0.7949202672528612;1.2349038085621897;
0.6125337066797031;1.5276372721329352;
0.7567687239370927;1.6382073674341238;
0.7648468118786714;1.791135453335217;
0.5545178148253989;1.4693467310065065;
0.5743216644271504;1.4587750182081392;
0.903065359056525;1.5052579591181345;
0.6337027977621805;1.6767448984892508;
0.8770719079615146;1.7805686583952907;
0.7671864535726407;1.4205803906032104;
0.3296515569430739;1.4822656030020953;
0.6529196316584277;1.5621273862686615;
1.1101401929623549;1.427086197489816;
0.9249909877712345;1.6652197886931177;
0.6638884185277284;1.6911024559514114;
0.9373034613573077;1.8830575710675603;
0.9640845299896901;1.7588942490295747;
0.641504079593258;1.2128976261304751;
0.7633322680711176;1.9056181139818271;
0.5817744902295304;1.3444056585842095;
0.442880786926932;0.924853559930684;
0.6478472680220432;1.031312024409407;
0.8547977623010752;1.298492321542326;
0.14604101729972518;1.7089550082126113;
1.1797765439933592;1.4437073159802603;
0.8173811925186452;1.8418178282861313;
0.6312488700093968;1.4438469572180839;
0.24847630549341349;1.3088521692832147;
0.719470543721293;1.5117278792802225;
0.40983315833390704;1.282771779274203;
0.7654547192211878;1.6944283267370162;
0.7837699503197452;1.4609162585203044;
0.5837502656356869;1.5321868017582363;
0.5498313646310469;1.5319940183928122;
0.682801474687869;1.9105938341001003;
0.9748735989691792;1.2035390422661434;
0.4791126238808135;1.5065044357653758;
0.42402143724988245;1.7040378615188552;
0.7324706375702265;1.6776266931575199;
0.6050865846751337;1.6657434581119908;
0.7398029916813175;1.3704422090386321;
0.4677884424493378;1.602584791333576;
0.5564301228015153;1.5007813936504015;
0.9275181115911368;1.2877043793652674;
0.44489628255526903;1.3098237825026953;
1.018898658683588;2.0507764776461412;
0.6759052080238512;1.674453372290652;
1.017594291862434;1.7555419243177526;
0.6387810762374313;1.576219485318053;
0.6325158776452919;1.7489589445583391;
0.6636221827037938;1.4815879111269792;
0.7009474613931462;2.000332080257718;
0.9272439373265249;1.5839710133625136;
0.7440310334982232;1.4727756141347195;
0.800685668356678;1.5418897248417076;
0.48058717427081066;1.4332822972813988;
0.8812771759763383;1.7666227651930615;
0.3508505396092543;1.8436077146281242;
0.7730492516183569;1.7762075701316085;
0.7938497956636752;1.650249715489357;
0.43556473389632927;1.3133170798963296;
0.4022168982007996;1.775552083081034;
0.9128395521206051;1.9592995009642515;
0.6950192242419552;1.3248130661483106;
0.612945572257585;1.7305050446658252;
0.5340003417595561;1.335619157103427;
0.7514097338831583;1.1143484285559209;
0.6485123819004955;1.491899463698519;
0.8703261506849855;1.3908080072412552;
0.7151612922847892;1.8336419715492127;
0.7667275353162397;1.3450682576041808;
0.46805882592054227;1.5439721851528854;
0.12271774554500503;1.6743708689004775;
0.7376527537103783;1.9779125145137835;
0.42638683972980174;1.3841773386385205;
0.6460003448416123;1.4863226900090507;
0.6774653265565733;1.3522446669665302;
0.7014632244244372;1.5177459895596126;
0.6879219690597981;1.26287844460063;
0.8163433104784131;1.313707287199192;
0.6981496817220209;1.5856024286626471;
0.47852127072088535;1.548168042875;
0.46205530008563966;1.197968398115606;
0.7656136782895977;2.074856164485758;
0.414627800448367;1.4344060300406278;
0.5458624248415428;1.5054220890759529;
0.8653209694813581;1.8241140873431307;
0.43871247066971847;1.5093727225772366;
0.7893887173440858;1.3861311915746173;
0.6461915371540827;1.1577523827703031;
0.2674507512351013;1.6785247857475012;
0.636057155890345;1.5017399565225271;
0.7989074556072063;1.7945431353840413;
0.8932925787752856;1.5280311997895313;
0.3656810624829786;1.699190096898938;
0.6172240095579595;1.3950472122780884;
0.5189135301382019;1.845297687842266;
0.8066969541696988;1.5953840561318686;
0.6944196049429829;1.5922337212064328;
0.9573282265888805;1.5128919157379557;
0.9216603279825214;2.2015615440592216;
0.6139463757981334;1.408462766666924;
0.7757157059014668;1.7969468540419742;
0.7482252961754775;1.9039596184775038;
0.6277464797333976;1.1234829520467877;
0.8880996595922906;1.9001066335214167;
0.7419111509722718;1.4367038081673211;
0.33561954361062635;1.958048834005114;
0.6334627424678204;1.4245670753686621;
0.771693332045777;1.3346231262888868;
0.6478719673910612;1.5101424156526335;
0.8865293118106652;1.8565081250696043;
0.36277409514702613;1.7946563538013542;
0.4818058941040386;1.6574493662815066;
0.6842379906902565;1.9882214030998113;
0.6986100641874838;1.5183455825852121;
1.0981333082656624;1.3544799801714034;
0.4201739536956745;1.4093699323336752;
0.7883958692218583;1.893237916549178;
0.9637782515854134;1.7192469363702811;
0.61936827125654;2.069966267913255;
0.30456898181325265;1.8111222912038214;
0.4702747966976333;1.8657347878835706;
0.6183213420713909;1.6879471476819334;
0.6055865532252456;1.8702235413803079;
0.4535645182139869;1.4330030670123126;
0.5543207599399207;1.4004688815406383;
0.5530670480104747;1.6370268852966214;
0.8364018659014195;1.545012725966921;
0.6908090168568723;1.702207632581787;
1.1102402903270259;1.6811843645588536;
0.7347238620343879;1.7323986818168169;
0.06599842985112303;1.5473514504310502;
1.0501915340833219;1.6599448372792756;
0.7699388168451333;1.305419573508948;
0.5639274222958746;1.6360408851282418;
0.550572719043879;1.5657882816001902;
0.741914136107083;1.5906767874210748;
0.7582280719459807;1.9807412513237872;
0.7150514036652088;1.8513468168680005;
0.2947619777641322;1.7144336498314299;
0.9376565270065726;1.7225301153275236;
0.7120455677602915;1.5206035286571677;
0.7531401729438642;1.5777853270344517;
0.8689724215194687;1.4296830027436935;
0.809304734122961;1.6880212005158048;
0.7372145659012321;1.4938757466060026;
0.815430159598242;1.5807125040324446;
0.981451353205657;1.557881372288472;
0.4032473054264605;1.328425651639575;
0.4358347877804235;1.483286476189474;
0.7091781549626254;1.4981878759606246;
0.6112111083242849;1.602666235060365;
0.0998203645961625;1.9486733118085842;
0.7126625368746626;1.5613940761989298;
0.9200528702862102;1.1750615813346217;
0.8129050900757459;1.3687198516746295;
1.0509510548855312;1.2557657944916814;
0.6481569833159728;1.3448433526393209;
0.8750594017951709;1.416335555268944;
0.6505809999769326;1.6970359156788124;
0.6692293466545497;1.7093560414085203;
0.8757475135684409;2.031579954101825;
0.5980818531940097;1.5373768205511702;
0.758000915751582;1.6269231649747553;
0.4466324284968509;1.283060649607568;
0.5920876282858593;1.4204813978910231;
0.8255025914858314;1.7065220622251585;
0.8918032211301966;1.4077516350795145;
0.9949648583805353;1.4021095201700253;
0.5819976273870249;1.4715268671679558;
0.805811917941268;1.8931059767635372;
0.28730967586597456;1.8412171914314523;
0.7746188721296692;1.7305747175837833;
0.7153111361777688;1.6554057789995873;
0.6130681185501196;1.337770379109061;
0.6563783192668563;2.0688573769936003;
0.8319573635987235;1.848386374038482;
0.5585250838334904;1.547377613731292;
0.6239445248023685;1.6658826948714334;
0.577952675496776;1.5001202361276729;
0.5147702151621082;1.6525987831285671;
0.9168582768915938;1.7270656136168403;
0.5726702455626004;1.4300127742091715;
0.6569746208659759;1.9822321710176833;
0.7450755048898816;1.959509047544584;
0.9046963252413078;1.3669367140623383;
0.8047534125440448;1.4937094420433823;
0.41306780451653596;1.704999259672754;
0.5029255866602005;1.6867079322550573;
0.9583914025497897;1.602946443974572;
0.7065602025525112;1.2640680207339374;
0.5492110296876226;1.8224258611232371;
1.0529130506198239;1.2000018691180077;
0.40128989862056086;1.45072032759038;
0.8630749198213181;1.9480337696782195;
0.5748629546946737;1.4183488693994812;
0.7753967915076306;1.777705831735182;
0.6418773980214603;1.5241048159182389;
0.5955267489310814;1.6653061243329446;
0.949854523555778;1.5777065041525362;
0.8893378398406789;1.492011343633345;
0.6441114178787066;1.4240939313206522;
0.12524163803867638;1.68127393489603;
0.8303410125675726;1.819044421831147;
0.7926959533907997;1.653024227526916;
0.5645725343076149;1.6603435097130692;
0.9486905743452028;1.8393658725228061;
0.2994904330208996;2.001666603322676;
0.36702321081182127;1.3181607547234284;
1.0343826895583503;1.7630002805969684;
1.2182155427038148;1.5576182013305788;
1.0704135687234608;1.2392101485559022;
1.2702734892222345;1.411056263480005;
0.8507593875546104;1.695912326162055;
0.9047577223575841;1.6110688996476992;
1.115019321578568;1.187547215838973;
1.0934200289551286;1.5751370330708838;
1.2608832346945673;1.2567587285864499;
0.722985487886068;1.2632830335097893;
0.9033664525100198;0.9219992161516837;
1.3408630420865033;1.2133266649642225;
1.0995062612938706;1.2312949762246441;
0.9008206925454323;1.4296517286072647;
1.0220830333286772;1.6349226866703108;
1.2588687398572138;1.5194328013914882;
1.2599666921513704;1.5227707277121336;
0.9289747976504349;1.4754141787382022;
1.1457516556927096;1.317105206156756;
0.8741244431231734;1.4823336581047277;
1.332245423340404;1.3692755035409017;
1.0285052163065165;1.0848056911125041;
1.0190402242151482;1.5164268777811376;
1.2508579095425088;1.5115177699059295;
1.2097499447523024;1.1936996390846706;
1.0508708569871887;1.423267929810504;
0.7425455339306639;1.3355770964954308;
0.9054949252928619;1.378600672682044;
1.0999495028507416;0.9107183271029199;
0.9807124965802134;1.298705757477289;
0.9377927420110466;1.7890310840488688;
0.7545816350726421;1.4445021362270278;
1.1059839341994682;1.5186624555890298;
1.0662828142792375;1.2918825671830714;
0.9560506528612691;1.5616163501061013;
0.7757675835017985;1.213422180975836;
1.0849025091728743;1.341281508918497;
1.01219481656879;1.314026053912957;
1.4162498563560981;1.8598516831467902;
0.5980156295441258;1.1059304616446366;
1.0626445316612139;1.4983733205019352;
1.0715520473686835;1.2182633520879065;
1.2791540503470342;1.2767571558609143;
1.6743846273079739;1.2131298539656843;
0.8492935877124539;1.6991889806218583;
1.3726950191486211;1.1431509803838857;
1.0881381850483431;1.4356989161227998;
1.0178117807047375;1.5111952339699575;
1.1590932236370337;1.4408779835657268;
1.1303090558774216;1.58735784020488;
0.8640493771832284;1.368020382740648;
1.2817996993148113;0.9654711209219513;
0.942099264441278;1.0614828146693076;
0.971121345351305;1.5382505654314265;
1.145310548147805;1.5042255843795331;
1.3134930821485336;1.4250846212872572;
1.1970902102137055;1.4329923511798646;
0.9917363450100876;1.720296044394984;
0.849867638140952;1.4892807314178096;
1.0490399714302328;1.3307259428616462;
1.346659320219464;1.2047949250187024;
1.265692082471012;1.7020624806953502;
1.0824915549570187;1.5614611906981741;
1.1854110785112364;1.41053307736287;
1.042655921185372;1.3245533069410087;
1.33054992446351;1.0784866196125775;
1.0446738595936957;1.158849306621979;
1.1276313729710916;1.2912099331692886;
1.3137788939385646;1.272971765695163;
1.2149457706860023;1.5044058107471074;
1.1767600987028939;1.4030518765471311;
0.8621695673636529;1.2701117425302784;
1.2978614920513873;1.692696883892353;
1.1515666119117907;1.0454783938916705;
1.1510352737585738;1.4742563498355203;
1.3111223928430984;1.627295524774818;
1.1429919480851702;1.0534022549829898;
1.1091205166557723;1.5045476376826072;
1.2141238180051257;1.4050273512654134;
1.137158374940232;1.4654118233501103;
1.096729597629718;1.1539393835021667;
1.157128985846584;1.0553572041628934;
0.8799818466680592;1.6234539253710314;
0.8829065792768526;1.606049063207403;
0.8272828577047333;1.397107374842593;
1.0150140684718212;1.3250532392573169;
0.9767046974278444;1.282412566601534;
0.9560850215259538;1.184080661120497;
1.2315252045722045;1.4793662158243432;
1.1096932122386207;1.4172582694085505;
1.0048143304979906;1.2836564436600044;
1.2928693227705146;1.4174498388618002;
0.8940486342161629;1.4858398676896467;
1.0860608849008804;0.9505954200420965;
1.2066861838334735;1.01842136117409;
0.6746117930879402;1.3790141846636321;
0.723290210914562;1.3010762827028548;
1.2589756451896343;1.3122144666843871;
1.2855935457431251;1.4390127419364203;
1.1950186620702;1.326988267396813;
1.2158227887016684;1.1950752676068832;
0.8123907193152966;1.492604422866042;
1.0964570042684727;1.599909550222889;
1.3434049946454714;1.4170234149688088;
0.8893700059353976;1.5228551262553491;
0.9457618415787727;1.4346311043182567;
1.1219449479937313;1.6249369153901776;
0.8979592852734342;1.4224214667412944;
1.3793072221585856;1.2935022347332163;
1.1860168758503375;1.1055726648231872;
1.5681789642387343;1.0934617712402093;
0.6763061500161739;1.3081822574641584;
1.23891703307493;1.403046643488636;
0.810479866372855;1.4751052941146785;
1.0087766406852772;1.322818330307078;
0.8842634384299934;1.2431077022954509;
1.4030776809511536;1.160403150682776;
1.4741534323413275;1.703668673491307;
1.0135832132197575;1.5965725095178647;
0.8657332643678457;1.4852077979614904;
0.9105176183719565;1.81047596841173;
0.9509978165731285;1.1243070286632633;
1.1371698337666973;1.2346656067833133;
0.7302058340202917;1.5263122675639471;
1.1895949607491587;1.5771344072378926;
0.8178501409189486;1.5758395651564605;
1.1036771011974502;1.2494981107874341;
0.8706416629798448;1.5226063117828894;
1.2260189255631793;1.3265881834822875;
1.1360924012532394;1.6681353605405758;
0.9058670520562038;1.2001508017200577;
1.1293904224704163;1.3487953096940846;
1.228000643323806;0.8883592861410203;
1.3774115216380105;1.2895978303066344;
1.2373938040750743;1.1327938819133072;
1.1953535266725515;1.3245741333357617;
1.3444580600430935;1.79615679404215;
1.032272332237336;1.4818863642160498;
1.066546468576395;1.353109524125584;
1.0689919193944815;1.2288256749906694;
0.8093676676185892;1.1357392080964153;
1.3621685833877795;1.3064164939020815;
0.8168539652939945;1.4940292573859308;
1.365501326121478;1.1511561992161907;
1.1355972941596812;1.553604531601496;
1.1344812703660854;1.2321067675081925;
1.1111310381458641;1.4882131472604083;
1.2780643463509356;1.4823884295223093;
1.1538391059377573;1.3514018165475346;
1.5275936755379218;1.4743791118319884;
1.0072480110645725;1.2547090807143653;
1.1892487714817415;1.5207068829906478;
1.0516882616274128;1.8370042018467099;
1.0344684411845138;1.321936007358744;
0.9451476256319181;1.0660916698552416;
1.2407700424892174;1.3418074693028228;
1.103337239617794;1.2566824884704186;
0.9152763958656466;1.0156330269470142;
1.5338194296608232;1.3129556110797236;
0.9931352199241282;1.1344754447000214;
1.1820962869109273;1.5392972877149376;
1.1396080414155176;1.273388516576325;
0.9515614864073502;1.4859519040647484;
1.31874894042289;1.6051513865795433;
0.8967516199901086;1.4758229406831993;
1.3123101613824992;1.2855902860284218;
0.9783256460834591;1.265281520194676;
0.791606298829616;1.7323902656579413;
0.9300167248696135;1.4002514474893224;
1.2885752133931394;1.3573298806362466;
0.8999328011106295;1.16660377388448;
0.865160664934506;1.4376404039202466;
0.745711003769398;1.6662991302230215;
1.1111360751830344;1.3039487366018179;
1.0599961944903444;1.4104108769407386;
1.38800660980427;1.1281577216693712;
1.1335589611379504;1.4411830410975397;
0.8365829342220825;1.223335809329549;
0.857757104311732;1.45957679185197;
1.31616007294608;1.250373228307729;
0.9854257009255043;1.6691831692307642;
1.3352158371934904;1.1932425610264983;
0.9783664136267142;1.3099544861144732;
1.158126095878708;1.43095150787882;
0.857911343799661;1.4272421485163123;
0.9851941758410738;1.192628108197096;
1.4480553409424761;1.3902297394578422;
1.514665785844286;1.3938752452952983;
1.1643616754243473;1.3316734493476023;
0.8945430790560969;1.472895568848816;
0.9125631444780055;1.4138413935838412;
0.8596151345798027;1.222891342235536;
0.844050500591282;1.3750039849899083;
1.2661620955979977;1.2138661485525475;
1.3942792197193306;1.0511226988262976;
1.0558954118714827;1.3214115123302441;
1.019030354462069;1.247740118590831;
0.9869502610735247;1.0354828227683086;
0.8459348493018133;1.3065359688473912;
0.9593425887568043;1.1717274740501096;
1.1144922817793068;1.3628542394504657;
0.9420848775171232;0.7768301204342396;
1.258247815715885;1.6377714284680542;
1.1946167007241262;1.741930479572931;
1.2810079038397857;1.4389000409167776;
0.8807063289596853;1.6690543979982697;
0.9602715447695331;1.5106476277276963;
0.7378670455713341;1.3397224551647695;
0.9641583455614232;1.1853652978825147;
1.1399842260158124;1.3821944318451498;
0.7281214888961085;1.2385508928404407;
0.7230482491283128;1.4599511561390668;
1.4467841485108697;1.2056311021312331;
0.7899770839162465;0.9906658008337224;
0.7965181331987465;1.2448578443364315;
1.0363828165802278;1.7588724858487557;
0.9467799306853384;1.1675500277301578;
1.306622029605208;1.2955693598015399;
1.0702258806580094;1.1516384408323936;
0.9275309205800149;1.2037802012402603;
1.015959312264497;1.5951629388271633;
0.6507641769569814;1.096852021086191;
0.9754017832872268;1.1042627170128236;
1.0625405057495492;1.186168785279598;
0.8406937941117503;1.2951086322534857;
0.806553180701141;1.0560830035130895;
0.9676162208618527;1.0808874218772282;
0.9610302710276433;1.4210089285724428;
1.3576841689871955;1.7053090601469756;
1.3276481154016457;0.8524447770659755;
1.0440542218954307;1.4262124257324162;
0.811145113811718;1.3047382405821737;
1.4526581573426505;1.5451382095477135;
0.9777232436371844;1.2411209586005962;
1.17114640829212;1.3601925080870303;
1.321899759204015;1.6412191851982714;
1.0756925624017895;1.1692265851052925;
1.5370525839882774;1.1241040590652682;
1.2734889651381296;1.6210309228236637;
1.3147470522543414;1.3121214332599505;
0.8406683977576399;1.6296196459599164;
1.3530504189467525;1.5151903676247669;
0.8698111285882333;1.5142275657396467;
0.7898766914329265;1.297826687364596;
1.2667937754754812;1.3315957990997398;
0.9689160256753964;1.7507767792798936;
0.749273672227436;1.2582532547916752;
1.1126241494343712;1.237044582971337;
1.3535218225576022;1.6696029020017895;
1.3181859070260806;1.855925003109528;
0.9498184690085556;1.2223687830145944;
1.6878791619509848;1.4119027691243078;
1.2254987069931713;1.1700268757894203;
1.2654028112210622;1.0734132622237975;
1.1739205214213908;1.8528980992205442;
1.4043977974932325;1.443335346760577;
1.1051239650835651;1.4674423013922673;
0.9037743842758703;1.3614504966922563;
0.9250133490547495;1.5085955818614334;
1.439156097194598;0.3113464559315115;
1.0256287255791243;0.41472971955294047;
0.5873876989400658;-0.1804554248189293;
1.374260919808802;-0.03652563274813403;
1.225288561760992;0.38895728276437397;
1.184825746591605;-0.3561521396047701;
1.1907849601264846;0.32434992772521865;
1.1788297396843994;0.05567166257667544;
1.3010285204700676;0.1938324793976255;
0.9747069926697803;0.26943553045140184;
1.2879870426267621;0.1478404501363594;
1.1038666987061247;0.35184989660668575;
0.9897386081299622;0.5499146231741194;
0.9744500744946997;0.031648882144856144;
1.3778011192569248;0.2731897345761961;
1.194629530553531;0.02769245122973174;
1.0203408871051294;0.5045556189560397;
1.2022394594839751;0.17368818926634505;
1.0383056658625347;0.048129531791331115;
1.1238947257483596;0.46028915567233897;
0.8704096041466189;-0.031044315966764047;
1.2621220818243808;0.11880477597248829;
1.1291850830129782;0.3644534587093027;
1.4758001220463466;0.17701942920574396;
1.221868040190539;0.3070221521380033;
1.2975374172816088;0.15249029410361517;
0.9454979457275886;0.403662816357774;
1.0475634487053749;0.32884405465360156;
1.2459270411413064;0.5992890558863708;
1.4387566385812347;0.5419926924256331;
1.0566136363409877;-0.0027141107835897404;
1.3328000927548003;0.4845687488889391;
1.0061315474471182;0.5113726895877042;
1.189591281402788;0.3432782618219413;
1.0208074225059203;0.3442056640847196;
1.101286065400918;0.3738917521981106;
1.2320358211758788;0.03383674159125993;
1.2273346177207607;0.3270451416842504;
0.8425748720971113;0.39447883566660064;
1.2080336029257248;0.508456987313853;
1.271397311619131;0.6141343835317719;
0.8669558747909112;0.3925289823756672;
1.0662435675787205;0.3567703107548757;
0.9072183671440666;0.36410329814917974;
1.1646434303809106;0.2799776135608909;
1.3931713834948702;0.43898170352427046;
0.9126165104699351;0.2885339079226641;
1.0092874802693736;0.3040335556457936;
1.2344569049153902;0.4904245194944098;
0.8745773853797435;0.12036121576446279;
0.8868593632895725;0.18591212405019458;
1.0662349651947964;-0.03975222785769511;
0.9573897593314598;0.09430059170923699;
1.1762852853711439;0.5649743776101901;
0.8969596585923503;-0.07209777893496239;
0.9774267329071914;0.1057397180871299;
1.0924323496488235;0.3738945946928678;
1.1670781978379978;0.4425946761487376;
1.3517029764446808;0.038290569228304316;
1.2667115072465376;0.4887539466848534;
1.2427976599105144;0.12110497351694857;
0.7569335568225515;0.34732429642702334;
1.1903552018234949;0.12474077524250701;
1.2386168781055324;0.1652015150275996;
1.2037639071633306;0.4679493059529517;
0.8870813161982778;0.43966812173279285;
1.022390769931706;0.28775692272900083;
1.4418749470614587;0.28831404363155405;
1.1275668904462628;0.3576746355294229;
1.4444099356642108;0.17373083184660126;
1.0696342917978912;0.17361138748300609;
1.0230859065291282;0.5821931168829448;
1.2997367043503232;0.3184107625991572;
1.3068965939013792;0.3802371076584324;
1.192608554042447;0.2292473050562562;
0.9178528887495407;0.30467647887608595;
1.2102130713127308;0.10746631017380345;
1.1432930300347588;0.151926497367362;
0.8616900492175081;0.11678813318472611;
1.2850242189740373;0.36251652055789535;
0.8473523583620257;-0.04124800895405689;
1.2366095989338717;0.28386648044394996;
1.2053241735189848;0.3718720030873668;
1.3466037462052864;0.4537469896657206;
0.9826171056860011;-0.015673679436961463;
1.083381985537012;0.2428983708582059;
0.7902842035066446;0.46934216600732037;
1.0984339926578075;0.2148968333529035;
0.9524785497562133;0.2909828872254907;
0.9467318653591466;0.5132679587950733;
0.7238251464370604;0.5314268357205056;
0.9716442737305051;0.5132677108399639;
0.73546072481114;-0.1853214158648986;
1.1235416609463007;-0.12876838883853647;
1.0308818412108085;0.5622463125844677;
1.40484303016134;0.29302620790135214;
1.163067607759261;0.8518277607664126;
0.9340942169814608;0.18658575083460105;
0.9767050259277009;0.0985121171170387;
1.1079853878359431;0.2223250671842843;
1.2578255480635272;0.23366396824870797;
1.1246374279150886;0.17529572202451166;
1.0404820797726049;0.21480483140882406;
1.098788364513007;0.20848572748216176;
1.2595040784432725;0.26588224330052923;
1.3042457454946108;0.3418735867474175;
1.0148426036186735;0.21633936419999103;
0.959098904822563;0.3984329651943461;
1.1421776313671863;0.40244391854683;
1.1311102356573741;0.5633872448806884;
1.095997694888124;0.26406563442909814;
1.3296246436161527;0.1609543963698284;
0.4527566545264068;0.6633572734951733;
1.5183628268642706;0.4722522632770523;
1.2919366555017784;-0.10478667642482492;
1.1921093431677718;0.2601383170903239;
1.0956894429553379;0.16724811369121234;
1.1664614429834974;-0.018414734774861163;
1.0486899184077305;0.38537971672219484;
1.1701683291113998;0.20854237539890297;
1.267300470826545;0.3479255814192112;
0.7656704610946281;0.340363142890929;
1.0054590498713243;0.43909266176894823;
1.2204342264599253;0.3480251001413324;
0.7886082334377702;0.26476546233988907;
1.0935595689808957;0.25437250962227986;
0.9854619038694974;0.283604852698073;
1.333794379667926;0.1380781864984294;
0.7645271020348599;0.3124047683582202;
1.213257876707749;0.22142226808357635;
1.249709188287256;0.3956159940744232;
0.7733791604767557;0.2492141602674795;
1.1558408907253872;0.04781254755184261;
1.078188662690369;-0.03930362874752674;
1.3350632445139703;0.4520974677839098;
0.8001692284889002;0.2192713100737858;
0.9178813877543784;0.25983739615080786;
1.1577687508500991;0.5628533868151948;
1.1446372861364897;0.22264184870204695;
1.0540027284653246;0.26445965964618023;
0.8963745374332979;-0.005212646302139801;
1.390135154058018;0.19074473032964712;
1.1411943374897313;0.31390052726049456;
1.2227681996695439;0.4536645464221858;
1.0484086700624538;0.37985966138085103;
0.8244389127938943;0.3058441053330353;
1.2060150034681598;0.1457418941367418;
1.3148807529525701;-0.009386455817318784;
1.3710534959270038;0.1959485123215689;
1.2636812577042773;0.5014017948880477;
1.1757982722903912;0.5325122994388929;
0.8499032966829821;0.058582693764853144;
1.4918939561337032;0.28323903426089875;
0.8664893998168972;0.3688076331724173;
1.1352715767674342;-0.005344942415090925;
0.7956920139203276;0.41603510840857044;
1.289494601479874;0.2549318455596517;
0.9706870571054599;0.7246762828946045;
1.2152328583938556;0.36142233097754417;
0.9132712292168365;0.495378471277047;
1.012298793716671;0.45405110691942707;
1.5617798564842902;0.9537908525043561;
1.0232700648700197;0.24834418993734236;
1.0528743582800388;0.3274101730259559;
0.9178974045200983;0.20546151829013143;
1.3784031488441486;0.5189001845780028;
1.1940234648727064;0.06775873370356231;
1.2046941758029626;0.12700020713246363;
1.264025038467784;0.33083914406938236;
0.9823392477498752;0.5559112266026522;
1.3222222268967785;0.2372630279258006;
1.2977627990854128;0.012875148134791625;
1.5356973702895025;0.3259418859076879;
1.2329133996631154;0.32816271891069515;
1.3363206052864534;0.6641419833757649;
1.3457300299854515;0.32884301655847126;
0.8188657382112894;-0.06092191732765495;
1.3696335125971473;0.40415495539289603;
1.1349332436589659;0.1888406855848497;
1.3440199727413396;0.03884131337827024;
1.0969823712959168;0.3777749785734561;
0.840432402841712;0.007857748563585287;
0.9267737340960024;-0.01738651951635589;
1.1626537089573636;0.6391685188447855;
0.714469130473985;0.11753240406474541;
0.6852493586905448;0.3523387618806282;
1.3957824464311515;0.20903501274059572;
1.2519107511806071;0.11406600442475495;
1.2878542648531162;0.08354576632869223;
1.278023020249358;0.5486124303633304;
0.8656600795320761;0.4060779209342862;
1.0139786058026143;-0.18896151399127625;
0.8438852254805664;0.289173641315779;
0.617274497124899;-0.0796910795265986;
1.4395109829205048;0.19998433223968876;
0.8925114527893598;0.5224578265738188;
1.0597312587867271;0.461512728094037;
1.0326577811572413;0.37911672365806104;
1.1811706542169909;0.024576624875490727;
0.925381560852758;0.37880712298613084;
0.8500546456870097;0.5203245145614255;
1.0600362244937451;0.4493396574509283;
0.906190944144927;0.0363214174295238;
1.191441233848104;0.30777196470639195;
1.1272030733282783;0.2419095600051589;
1.1843557491880998;-0.009107937865284355;
1.144133252533255;-0.14419582427899674;
1.1407107220048962;0.45907284203585186;
1.4119171048638235;0.13548654190499748;
1.1496831587877507;0.34036001310634056;
0.9481686784003828;0.4141519132915238;
0.8360529818902287;0.2808450044834471;
1.0774844753621584;0.41525599801880686;
1.027664366724536;-0.16348145653708573;
0.7498750362993436;0.10912579102258521;
1.1326619701786718;0.3628356425672053;
1.2857292747269975;0.11405661114339918;
0.7975022549039368;0.2728602252014152;
1.3448331203314163;0.21824835244408752;
1.327364779486106;0.45613311177165305;
1.1795784596236074;0.514497934116823;
1.3507842866978053;0.6330845798675857;
0.7687355594142772;0.44243453587437975;
-0.06808959517302926;2.0368136864088586;
2.9508326307760644;1.37602762955462;
3.811021298852162;0.03159825441146369;
3.103510710243897;0.14589278172112774;
2.0973012318319393;3.879007669716903;
2.817265121309575;3.2964704324622285;
2.9684168979176166;2.865224604582444;
1.8546402554886248;1.4741131949197694;
2.2600965259164743;3.0449983589728156;
3.797030150636953;0.39176604093204936;
2.5375354392836784;3.3805367540164504;
0.7848414147666702;2.7045262967629733;
-0.4445644320711701;2.5905532482524944;
-0.17670174455314075;3.8258957869906682;
0.1658983361273263;2.0290665002086454;
2.8754655658049626;0.17644231231087582;
3.0932540116852416;3.9491902374617087;
-0.04326363279912793;0.8375396070125385;
0.2453979820292771;1.5584238461101227;
1.5783344715093048;0.3294404419037842;
0.37231907700737543;2.8388481049155128;
0.6613071834117785;0.24514307335030272;
0.9142402133131375;3.6881476316292447;
0.45703325596616184;1.7493440307993988;
3.304160367357146;0.03553053533393591;
1.0654500855908946;0.9952265286090662;
1.3025690084778092;0.2003809211867904;
2.83799948375286;0.3209160642256449;
1.1457219049483232;-0.10912310338113929;
3.288723408650202;3.1621420179276036;
2.8831031498808466;3.884825857814273;
-0.3860132189082226;2.4579769029737784;
1.764563406966297;2.0956131767064465;
-0.4610164082255386;1.9324787693066292;
2.4131102980598618;3.902429492397797;
2.467480783595629;1.006649275960601;
1.7854415255001705;2.3158369779398824;
2.8101821890155363;0.7323221462120326;
2.079050584310166;1.2572548626978557;
-0.09335492199566936;0.04243187491503009;
1.7920956214744468;0.4540874656858893;
3.6358561690412454;-0.21943146759855314;
0.580213193776594;2.190989534827303;
2.631376766679251;0.4068058635380061;
3.883068962822537;2.9121560797136605;
1.978391912321562;2.9764988939072325;
2.0126783464262243;1.4395457141798302;
3.8720478805679868;2.9540764844812855;
2.005392163539403;1.8575892068081803;
3.45913991098228;1.6548145174802356;
-0.4600703430974931;1.9162045072949296;
0.9685121688226281;2.1041539759112697;
3.6149573733950744;1.1208369132283662;
0.7594573944857477;2.866338508617719;
-0.038552965722542576;1.5107570670195551;
0.5819546642510995;1.9219757463101352;
0.8374115436889058;1.9750003771693216;
2.6477597420442667;-0.032415094373194564;
3.415606611445006;0.31909624180844887;
3.0571628487046776;2.569274253973692;
3.928395703028534;2.675131348704044;
3.2126553903547874;0.42740036747895016;
2.078217831644546;1.7427125679345687;
3.0777962476118454;0.5993920369440535;
3.45696027842164;3.75903664616762;
1.0072455334194688;1.883879185495569;
-0.1569766563325451;0.022545979101530333;
-0.11776561582718215;2.6908489098059607;
3.2609831609711835;3.2365415193734473;
3.4346641612310638;2.1097576830315434;
2.095491799708011;1.8966476421989205;
2.432579553621145;-0.4596372604427728;
1.848419243885333;2.919163044605808;
2.329938091234653;3.669487982061657;
2.316231453761539;0.696105271821539;
2.5543936439868697;0.7610282470127345;
3.5432089032278347;3.267149762238839;
2.3182452550813384;2.1761967649777034;
2.375351201187105;2.3186834153911233;
2.6897461678475105;3.256356218253212;
2.299674652034242;1.2558374143493314;
0.15464770946219775;2.1817308545200205;
1.0040990695771723;1.1446340396307628;
1.531153033249859;0.6658760638356607;
3.7342331364712447;2.3882764232039855;
3.3753795446120423;2.3579933290772837;
3.055105237410527;3.084128943758171;
3.9289826483194474;3.103005954295348;
3.5482510676398515;0.6060826108415733;
2.215766326909348;0.7527724991924791;
-0.2124426557191812;0.5707670837979655;
1.0899085189369369;1.530892162079351;
3.640872693558655;2.47546569421942;
3.3748550756954407;0.028268166588771182;
2.038637884913663;3.4406117867232386;
3.2089857721886066;1.2469223413557464;
-0.16435195804742653;2.1503866202856927;
1.331832450095315;2.7155167874733173;
2.2675498749668495;1.2612084242556183;
0.8029304632216576;2.5716139399794735;
