1000;2;
-0.08881477500232271;0.33665932756174466;
-0.014731397627071697;-0.3552391712161862;
0.07475867377141653;0.06684314231973175;
0.01472443203932576;-0.011538759778397571;
0.0452442231417409;0.19802427380077287;
0.12556760549095977;-0.1990394966386034;
0.3088966006214527;0.08805477906114909;
-0.187502982242567;0.16489044803501035;
0.030379104001334496;-0.13390466460629144;
-0.1691874916451349;0.16927212853255524;
0.029961984563513334;0.2652065518425466;
-0.22290541181316376;0.018251467047556702;
-0.21958479019183252;0.25927371811621003;
-0.04683725016041117;0.06781595353132276;
0.35132062480464366;-0.050090914661903366;
0.10596696414675698;0.16728419654150334;
-0.11457571787245445;0.08989670229807672;
0.04405674648086152;0.20560207301546815;
-0.06456958852799573;0.3234153360820439;
-0.08741195053843583;-0.002583209701450633;
-0.03138593684744958;0.12213534389364267;
-0.18755993253749506;-0.15796999526297714;
0.15538474414021822;-0.15993134903929526;
0.016819890185195155;0.02622047712680313;
-0.07200592812837181;0.13147575427562205;
-0.14953579902971317;-0.042070743821065786;
0.020536872070496866;-0.17673508923511144;
0.3619519154447117;-0.05509739047578305;
-0.05184703381649102;0.19509110594302045;
-0.2521407706517273;-0.012498568140354466;
0.006347877226101025;0.0029960865949230273;
-0.19511045371935998;-0.026285841893948555;
-0.20777697738846884;-0.06639465166322113;
-0.0896821348969374;-0.13649854665248243;
0.280749267649514;-0.19057744554521994;
0.143789010859914;-0.05360651107552516;
0.13754131873840883;-0.31060509714560447;
0.37190767314516904;-0.08568113812269085;
-0.12625899686572656;0.08734725429297054;
-0.281985844885277;0.20273702435344904;
-0.14330405511174923;0.23582469163031028;
-0.4045963027980022;-0.028727094840899154;
0.18885419128253667;-0.25465625020120836;
-0.12167326591970835;0.23788588116915033;
-0.14379330773942228;0.3419449685938621;
-0.4305519985119857;0.013557559905886763;
-0.4206190930323085;-0.03749495282235353;
0.03761340759073506;-0.006552086726490096;
0.5391752189000041;0.3244993204612077;
-0.025220656687184297;-0.1427450922431148;
-0.2362971181205874;0.0967294797185216;
0.14485713234400163;0.13575467392274676;
0.2127641819132701;-0.4644897598129963;
-0.2321647729571235;-0.3768514477533453;
-0.12181855937161482;0.30469894982619894;
-0.20994134160383263;-0.03282952706959067;
0.28364456976383634;-0.14060325920466984;
0.10316561050036784;-0.18206697179504946;
-0.40652948875767714;-0.4146874518900851;
-0.3988907215163036;0.3774158605215676;
0.03252892454935294;-0.4289183286327918;
0.039341644826593865;-0.07603474829107926;
-0.05782870586590738;-0.08879707869322095;
0.11203146233377881;0.22088838017132312;
-0.07043417480410602;0.12713090223462195;
0.3257244213661413;-0.08070847319549279;
-0.1248320198897235;0.1116628546008027;
0.031149150111792687;0.007988755757520264;
0.20421090211315393;0.08691107663537474;
-0.30297356943135034;0.12997999090500248;
0.2461590655117432;0.05948657632706832;
0.03280234948944774;0.09565041660895697;
-0.16605844140422654;0.13772667856393878;
0.4085871947041813;-0.05930508627178584;
-0.04674777075543629;-0.2049707791775538;
0.14524672823493598;-0.12459443090895456;
-0.21169588663616834;0.22922972730413305;
-0.12754723707952337;0.18233680593675047;
-0.0014349033726630542;-0.2253649228293576;
-0.3478570467244628;-0.24236647200641795;
0.38733150827253077;0.21166399696415905;
0.37663675932081364;0.026500866074609854;
0.06388364261546652;0.07866468629426104;
-0.03730439502456802;-0.11455614160994516;
0.03136905528850058;-0.059607840985835325;
2.12884109712061E-4;0.06866159058425568;
-0.042564148968243856;0.138518631112597;
-0.05604846446756606;-0.5148671498178;
0.19817264372698595;-0.17270954194046906;
0.15416745937659487;0.18672399249576777;
-0.05466064611653652;0.03214205826823034;
0.06189782264489946;-0.003017854845431449;
-0.35981619446692864;0.26113647290828096;
0.2225994820283273;-0.11231561109786255;
0.10269175165119902;0.09463914221099104;
0.020399985605194598;0.03203835347848574;
-0.2885806897237174;-0.09856905821439049;
-0.1021423158338654;0.3508379064484451;
-0.22276479749948802;-0.0021721717695226284;
0.2179144510335057;-0.0060881523200340066;
-0.3217011897957907;-0.14113849425299138;
0.1668556166737145;-0.377024661990846;
0.10736403237416924;0.2829951485656748;
0.08252356303283419;0.11619714305305462;
-0.019027396037531827;-0.10345586906731781;
0.011044072006605713;0.16708909692844642;
-0.1258335750133758;-0.2123182487573299;
0.06726433877238347;-0.09725471712831069;
-0.14554091537918437;0.020263288596181886;
-0.023433184187561146;-0.18260879807605968;
0.3247881819074783;-0.00786655166217527;
0.05110198893251847;0.18566821445026643;
-0.14626728304077727;-0.26565075463358756;
-0.19381822547618538;-0.3100999073512245;
0.41693876575745015;0.14256884916769116;
0.23223223904973198;-0.10865409752214956;
0.20282476182369563;0.006894789224774854;
0.13749434186614343;0.3702769675882594;
0.14250715400201464;0.36513042438335713;
-0.2931028462954714;0.20078609730495867;
0.026055355701800738;-0.17764921964632352;
0.20486503821525265;0.1331854619305147;
-0.008456750605176642;0.17660144577985293;
-0.04001478955430973;-0.19010880228664453;
-0.12246107700016673;0.22280755527201923;
-0.041586799670437026;0.17370275904675814;
0.02495920366771234;-0.2895210996257737;
-0.2652983336509045;-0.08252257704933035;
-1.228837662886408E-4;-0.1502231789498792;
-0.039530071441005045;-0.13822204436816665;
0.33626511861640274;-0.10175995081693306;
-0.24711577205558377;-0.23430943943408988;
-0.019953828645704667;-0.38141266697837584;
-0.1515991497539762;-0.009875625839226675;
0.045431802963251805;0.353817091999463;
0.04861083318338677;-0.4305612504550572;
-0.24782879466475302;-0.08476391672800018;
-0.261317783515454;-0.2475868205280469;
-0.08778670760691559;-0.200935954394209;
-0.19864085271763846;-0.24414388602281495;
0.1415599115212825;-0.33269060650241045;
0.0904725227917327;0.13747346960811094;
0.04646693246652131;0.0032972480437137523;
0.03633444144703697;0.06062704839749625;
0.12749645687468766;0.09124721030181436;
0.1206418026054118;-0.14145674704182065;
-0.10940789058812568;0.14250096698647716;
0.014041743216297396;0.4343358528189054;
-0.5746263240006824;-0.04909876297630337;
-0.030137291521485483;-0.08230454021371812;
0.04967408567019244;-0.0347142193597045;
0.1078579963370257;-0.29484062992144955;
-0.12824332078515763;-0.18339947060425463;
-0.27850120981555826;0.26563939955695276;
0.15447065384856176;-0.35295415287438187;
-0.11043040773271967;0.24240145135994068;
-0.042854790779360497;-0.46819694909532394;
0.22391940831127866;0.08034267066506126;
-0.17334633255050907;0.18271628689498376;
-0.06182310018898839;0.24677858377390205;
0.11727679751539391;-0.10945043123421123;
0.20749508926505042;0.0011268476240712353;
-0.23233424586655793;0.19859991462273802;
0.062208426366641936;0.1457876844043243;
-0.11436218601560316;-0.01716971070943733;
0.22926473519206825;-0.28918265084029676;
-0.0604687585780886;0.1351434899109794;
0.3160493224466326;-0.19945819392744188;
-0.19473807557648842;-0.43832993929172287;
0.0287590222949145;-0.08592062448214582;
0.025426762395160403;0.132548992476131;
-0.4178285619865763;-0.154269616818341;
0.11669737528612495;-0.007442908057080484;
-0.14618842439016172;-0.04345785718552703;
-0.1919153168082465;0.008432339701744448;
0.12412456807640189;0.09181486169713254;
0.05938703073727623;-0.20959454380351727;
-0.16391865262410787;-0.12454681238623339;
-0.002518684598721918;-0.39357540998343754;
0.13348714524621533;0.1842772415786288;
0.20717421861982566;0.17045500158768762;
-0.17717057367732184;-0.2781860763409136;
0.2978096831410447;0.15648662341691538;
0.014943467828808328;-0.08722003612923884;
-0.47340012899114065;-0.03125058956646751;
-0.15451940150085353;0.18645699783608347;
0.014598749674515844;-0.0015572548197249406;
0.5098147134693196;-0.31499108856513136;
-0.09013566719935384;-0.22301455823227628;
-0.13902097989244164;0.4027595683625367;
-0.16322990279604713;0.3813252484032881;
0.044607406390415785;0.221891595298731;
-0.16424132255410573;-0.2558706738339986;
-0.5799748741379326;0.196364156356395;
-0.21899421139784045;-0.09263291303572052;
-0.5218513005297873;-0.36898518243866957;
0.019284322018310096;0.0553345103559143;
0.23733786680986016;0.24328789354773173;
-0.23195558439196692;-0.1233704517540104;
-0.23456337710933584;-0.1854065879193606;
0.2026386218488166;0.10727096904780567;
-0.026466347657379874;-0.23924082977177769;
0.0710428440234007;0.15638655461843612;
0.4039414750640181;0.10030532694037875;
0.07161225562846389;-0.09581327939537734;
0.06434993300743222;0.5457380419404536;
0.04022059827143695;0.12863627722249824;
-0.10237278807468293;0.05844284024055179;
0.09842480368197642;0.08533173629841595;
0.372197714264651;-0.068907711401932;
-0.2062121487862162;0.16853729273287166;
0.010452504350232114;-0.1645393955758351;
-0.07230449012774479;0.12023252747563506;
0.1017094406872635;-0.3470258351954325;
-0.2163084488183905;-0.022980720356669766;
-0.021999068421041004;-0.31511622438081566;
-0.16724811361960892;0.03494577645804286;
-0.18820725800257565;0.1425599474237502;
0.218016791584409;-0.3791181305914013;
0.24550288716790292;-0.12480928773604623;
0.045183331574151414;0.0036274290246925476;
-0.21593564506556692;0.3980754894664307;
-0.030728326030088727;-0.17784268405117962;
-0.06652789627532062;-0.3449318796931226;
-0.016296023862141962;0.03995704006907523;
0.008935510913098048;-0.16995800717667234;
-0.00156387731258824;-0.19936506875710158;
0.11217581224609084;-0.09697159048439942;
-0.15373995510030175;0.17817324170282484;
0.07960593776122989;-0.007070957494602505;
0.054696249217079586;-0.23666468617410313;
-0.032114592406370414;0.050538448402970115;
0.03829716005714916;-0.04643858481992515;
-0.1838650433447233;0.16731914484439503;
0.11135377999933962;-0.12636787518164855;
0.38572592680748663;0.16939154276829066;
-0.040467578010317695;0.12210467714024452;
0.3222759338208822;0.0956543939213637;
-0.11700255880464282;-0.3016553233297337;
-0.23105557862687612;0.11431060335616268;
0.0998103767153548;-0.19711895480210662;
-0.11770367425478595;-0.15147069197926924;
-0.0361577103236557;0.12477091530359152;
-0.18092007710515318;-0.19733848787524358;
-0.4312440730172773;-0.39146227898977926;
-0.05961748019983113;0.09220204337550764;
0.17991461941048192;-0.3838864089844581;
0.2648619874605225;-0.2518477854365974;
0.2259674121220624;-0.06829762102592964;
0.3223081906183081;-0.14615628182574067;
-0.006291132525863764;0.980322801743252;
-0.011638982332413153;0.9861500325474343;
-0.0028197977884770204;0.9617401355229086;
-0.06743625568352549;0.9559180413327818;
0.01271976310821378;1.044808784497814;
-0.08386223152786185;1.026266651205423;
-0.0860346596311545;0.9683655471915035;
-0.015079386304356727;1.0001841785032781;
-0.09474176114364223;0.9545189366153627;
-0.06453963050293578;0.9670979679812128;
-0.058064773634622105;1.0054493648356622;
-0.0436718046105658;1.0194549861571789;
-0.11359984700393555;0.9530216701501035;
-0.08581581086559048;1.0370088402358328;
-0.09826390496709059;0.9539131321967251;
-0.16124994205200244;0.9577371177436609;
-0.08481468450656757;0.9824329707676855;
-0.1445290732743485;0.9403481776505239;
-0.13248432323499576;1.0108068097045124;
-0.1875974122518487;0.9374966769248224;
-0.19889135818605086;0.9824223815423323;
-0.15126072339769445;0.941112196113831;
-0.17045468935757113;0.977380304675773;
-0.14359888887038486;0.9316556093286786;
-0.2254665933274289;0.9416664880502541;
-0.20677086445876866;0.9616528600484799;
-0.247790490825165;1.0013603256171635;
-0.18341016451273517;0.9305160849215884;
-0.2598327506114286;1.011515545626479;
-0.280430044153163;0.9624471023571621;
-0.24099643681959915;0.9956981815703716;
-0.2315537398534654;0.9821284670718115;
-0.24225844840949376;0.9166388602240225;
-0.24025612951346154;0.9939424636945283;
-0.2988201572473503;0.9810541567518126;
-0.2620493245611808;0.9096185258447631;
-0.2809651886308523;0.9224145555500404;
-0.2591657814317996;0.9364947722851563;
-0.3083166089687417;0.9242840687616651;
-0.3316886148427708;0.9339894848992789;
-0.284619382513183;0.9438293416462975;
-0.2970498882585913;0.9694134814109902;
-0.38898253699985263;0.9701936592442371;
-0.3545637507977945;0.9559145632538493;
-0.38519909936059954;0.9056539302576879;
-0.3332823786181853;0.9351303014373357;
-0.383320388755665;0.8888264319830419;
-0.3799588012670835;0.8750356109809798;
-0.4070949726192685;0.8886596875723021;
-0.3992717289019882;0.8895067487193904;
-0.38719103134716937;0.8855505493176825;
-0.4107136607404697;0.9502834635938505;
-0.4133046034316086;0.9216421972469742;
-0.435664583345562;0.8542962341053278;
-0.43831469160858066;0.9462104368866857;
-0.4741697261252535;0.9297356700658093;
-0.4345798431612589;0.9040173071684903;
-0.4738108505800274;0.9127763066754053;
-0.4562794219297702;0.9146087008808612;
-0.432806752097494;0.9035271752914428;
-0.46238632259800905;0.8687553246717354;
-0.5160996401761627;0.9145666985328899;
-0.5024165510592893;0.8245840011087767;
-0.49668022825199026;0.8583296171481206;
-0.46153463094275704;0.8204189671955185;
-0.5647754321300129;0.8806487810737992;
-0.5029024207191597;0.833950478846436;
-0.5747686685786643;0.8369148524972815;
-0.5333424862059467;0.8080706876517132;
-0.5238438405745424;0.8246020584375773;
-0.5534458306903021;0.8325644014020868;
-0.5773401974607741;0.831318329818922;
-0.5351872829846069;0.8178150269398563;
-0.573676350511455;0.8310733242147686;
-0.5989205490905706;0.8217836097050938;
-0.5564477906866322;0.7631179369774796;
-0.6373084106619339;0.7947415778679261;
-0.5929234089657917;0.7574941182924806;
-0.6563022635671382;0.7875854226569509;
-0.6466625444959416;0.8293439544813308;
-0.5727186825475754;0.8290342270702968;
-0.6773452292424634;0.7500620853295242;
-0.624269351733507;0.8146086061627817;
-0.6431543721322632;0.8175357494423388;
-0.6110842891207933;0.7660122658918272;
-0.6801697098055841;0.7900018799403586;
-0.6978268443394282;0.7133850464279797;
-0.6292294793177804;0.7184607906814414;
-0.662432615151367;0.7248690152250417;
-0.673586812305446;0.711121237218693;
-0.6813129468398267;0.7580267346958945;
-0.740433995026902;0.6900116745785579;
-0.6915473211962737;0.7358735977402522;
-0.7059887935703465;0.7546778320757583;
-0.6681475219101622;0.656633702268711;
-0.7273331499549701;0.6507967294493543;
-0.6989100538358521;0.7308014332077125;
-0.7045656651473198;0.6525725542222524;
-0.7306818769696164;0.7016885316163759;
-0.7540753529835791;0.7069398619725896;
-0.6990481531120094;0.6463591641148535;
-0.747865249133996;0.6548848140757715;
-0.7385092346746794;0.6727030578312228;
-0.7448505692167205;0.6406052440003727;
-0.8021477565520041;0.6253695463018856;
-0.8079271971822314;0.6427655369724813;
-0.7985953012271756;0.5883828854904434;
-0.7653523431858933;0.6137624906113941;
-0.7797916391852722;0.6254820051156146;
-0.8366003809060033;0.5927034155185997;
-0.7855882381908855;0.6305753746744172;
-0.8013528730358016;0.5657079329571347;
-0.7706811941544911;0.5701744372555415;
-0.8456529810884095;0.583180105029817;
-0.8056674861907056;0.587266662345665;
-0.7715004785460298;0.607857613666503;
-0.8572019164274743;0.6018118939942042;
-0.8052846965885954;0.5597299460524718;
-0.8122907618370847;0.5868934212673363;
-0.8864488769983354;0.5443276448688481;
-0.8186917636661082;0.5215277728865793;
-0.8606504085415053;0.4994198504879073;
-0.8671986203727575;0.5212349040415942;
-0.8414276015517608;0.47181753797638265;
-0.8422717798581882;0.525693158867914;
-0.8410047036174251;0.5407649792742317;
-0.9150359672268288;0.47915095880255065;
-0.9043629619816154;0.43731213858237805;
-0.8470983356543335;0.47373990683899786;
-0.911076623974256;0.470095845913634;
-0.9149498997999244;0.43843159916372465;
-0.9366589129944896;0.4571177867938956;
-0.8528963792140669;0.44710311036537037;
-0.8892840007334448;0.4803924432539156;
-0.9475232052986178;0.38802378440908725;
-0.8587472247625868;0.4257483385923624;
-0.8986330746026968;0.38404859254964946;
-0.9323967810834846;0.4436010494207967;
-0.890402963745813;0.37790101264593795;
-0.9475162858745033;0.3681766439555175;
-0.8921911835478376;0.40015100931589515;
-0.9612586782774876;0.3624493095662337;
-0.9309835723022781;0.4188413613036025;
-0.927727971346456;0.41396715533358874;
-0.9469015832461898;0.3291882406548364;
-0.9771765777283296;0.39277525603637325;
-0.9595035886197979;0.37937960526486647;
-0.894531893227904;0.2968052480586188;
-0.9357942857179911;0.3442176310130849;
-0.9935870083541207;0.3523858449993775;
-0.9609157712037966;0.3521990239187605;
-0.979186465703362;0.3079388927535897;
-0.969427331286051;0.24359977747334005;
-0.9826091086550924;0.2574606669226917;
-0.9988896884317555;0.28722853412846105;
-0.9450961104228858;0.2570483127305749;
-0.9781529581875406;0.2117354127538874;
-1.0110934346755391;0.2525164588601361;
-0.9603062570718758;0.21371076859979518;
-0.9762740034185889;0.21905923440827946;
-0.9546803709795072;0.18928108093051832;
-1.015775990906083;0.22494800962938266;
-1.003603616969002;0.19850673291995424;
-0.9953397333010764;0.17041538832622072;
-0.987794535826305;0.21260918196752082;
-0.942146854379704;0.2201611327799144;
-1.0293336781583513;0.21290264063637135;
-1.023161253469714;0.14332582929884038;
-0.9930903499198532;0.20727801814180044;
-0.9466427871759364;0.19831327980653443;
-0.9662887478221642;0.10518459764425916;
-0.9672504719566398;0.15150276532520385;
-1.0215815587347274;0.14527749667875842;
-1.036773180022585;0.09867746031373761;
-1.0415576024101467;0.10124670619632813;
-1.0010219041098158;0.0659054690137868;
-1.0020438153107345;0.10081606729552348;
-0.9987887244476285;0.10264506915391144;
-0.9778703534823342;0.08049826650942968;
-0.9710237235424912;0.044005935061671844;
-1.0479512306811694;0.06441456759729139;
-1.0375021941717317;0.011383262658411837;
-1.0365915374184134;-6.643514825593957E-4;
-1.0442505881287223;0.04109187319447212;
-1.0348658074073547;7.25572581123761E-5;
-1.0278706832782807;-0.020837501858873286;
-0.9997207499881184;0.05944450802036032;
-0.9826476532164418;-0.04287730659872894;
-1.0291391358881878;-0.044727197243527396;
-0.9529486989908431;-0.03163014877313782;
-0.9592602283627468;-0.056802057123852494;
-1.0069150914714073;-0.002345914462732135;
-1.0237857148610738;-0.04141048628606278;
-0.9778214856553923;-0.08277622787684522;
-0.957308752974573;-0.036583783453083066;
-0.9867225456827894;-0.04765316849775395;
-1.0123872645902665;-0.03533403943004278;
-0.9841279323118313;-0.06379413813954203;
-0.9952412427501208;-0.10024632033604913;
-0.9694428555535912;-0.08042452483547291;
-1.0068874470612945;-0.06867288289043677;
-0.9647824650422424;-0.1257746696355161;
-1.0053334094217243;-0.08102147041077398;
-1.0345144453217539;-0.1693475378384389;
-0.9801363102716648;-0.1614070834011051;
-0.9535052831891012;-0.17946826249777;
-0.9531908541322694;-0.19858901575134097;
-1.0355417571967496;-0.14781662003781693;
-0.9890438776452222;-0.21564221185797716;
-0.9387703160471433;-0.16660835307211863;
-1.0143419996078757;-0.17921442943564578;
-0.9672430794627287;-0.22993104721015054;
-1.009202249582422;-0.18349793724110353;
-0.986780288182559;-0.1884551666420039;
-0.9433541837471044;-0.2501969297667822;
-0.9693551758428729;-0.21633064898888474;
-0.9868355629261946;-0.21379909984862397;
-0.9730782394389847;-0.25054436042575395;
-0.9288323444124623;-0.2113621835266325;
-0.9546040657242407;-0.23635348794338246;
-0.9889372222974738;-0.2678036586969829;
-0.997404910883922;-0.2576248575908394;
-1.0026596428826207;-0.2613340745365422;
-0.9228513447045649;-0.24799995187541982;
-0.9074537572788464;-0.26920187329679673;
-0.9314113509538262;-0.267770279712662;
-0.9468393894440784;-0.3313198968033173;
-0.8985254092195168;-0.2921876077150061;
-0.9483746769352064;-0.32862110050319693;
-0.9238361076060699;-0.38964832959892093;
-0.9162976714829262;-0.35414335350834164;
-0.9034469858908775;-0.3727812156891546;
-0.9115877136509357;-0.3578705763365074;
-0.9627564061876619;-0.3819325088110174;
-0.9710060632047487;-0.3712597248440943;
-0.9521582853987841;-0.40888224991105265;
-0.9423588136194637;-0.36416058507956695;
-0.8695226751067027;-0.38884054788140404;
-0.8857837391152857;-0.455487598622707;
-0.9318652374009029;-0.3808623203388493;
-0.9102962667128359;-0.38953033264934067;
-0.8739857854918863;-0.42078391642293655;
-0.8811384501141334;-0.4021915199562763;
-0.9041020987375706;-0.46662486236905837;
-0.8466583204041687;-0.43571896454809794;
-0.8956263974764135;-0.46411278889499225;
-0.8935056508094896;-0.5166499442488728;
-0.840227865371711;-0.43957948677970216;
-0.8458637054913285;-0.4897140595490119;
-0.8301957815297699;-0.47894085184999724;
-0.8782452242432;-0.5003428758781518;
-0.8778638495959201;-0.4748133287222297;
-0.8120643802996953;-0.5402119909938936;
-0.8164774754391727;-0.5190343127801395;
-0.8137551351053378;-0.5138935477505008;
-0.8603817687668762;-0.5849438085951828;
-0.8066399397416959;-0.5502245293275267;
-0.8327791788946336;-0.5827494926639474;
-0.8500613957906299;-0.5693985323046178;
-0.7965517763927285;-0.5821371576561241;
-0.8274729936786441;-0.5260660516706892;
-0.8477642410668763;-0.579003382450508;
-0.8202437352383768;-0.5798806533050128;
-0.8524597617198718;-0.6377770906588931;
-0.8258649557499735;-0.5979557551546204;
-0.8252321185479394;-0.5672615269560665;
-0.8080563303240461;-0.5685990837864573;
-0.7628033076693381;-0.5862679984908363;
-0.741951571705071;-0.6024692211941582;
-0.757457185123466;-0.6055276171574547;
-0.7401029785710395;-0.6159509793759438;
-0.7236756861710376;-0.5944570393734476;
-0.714477571036019;-0.6320737222085828;
-0.7766952640436761;-0.6153191685148999;
-0.7459260905799313;-0.6966990524714761;
-0.7039472874542654;-0.6931594919170573;
-0.6957898461999624;-0.6919816529868846;
-0.7694672620294746;-0.6476136655653875;
-0.704368865300076;-0.735259438741237;
-0.68735378858455;-0.7422717687114079;
-0.6779084858625147;-0.6795564327598136;
-0.6932292704678458;-0.7087495064625904;
-0.6695700541105712;-0.6817842517386014;
-0.7324005315685388;-0.6759564351182278;
-0.7105350746490751;-0.676505290724749;
-0.6700385167607792;-0.6802662089178277;
-0.6449506358597678;-0.6867731763534679;
-0.7121924081238267;-0.7493836341848189;
-0.6668576327765783;-0.7190932773624813;
-0.7068245469305274;-0.7416681493802911;
-0.6485518453405744;-0.7269485006227345;
-0.6712986610881149;-0.7835132735227283;
-0.6880115402546436;-0.786612895667605;
-0.666874991900424;-0.7800962857372633;
-0.5880838617068679;-0.8101279373675966;
-0.6117619822683799;-0.7794023728375108;
-0.6120558510684512;-0.8233437222009432;
-0.5921453305938457;-0.7458922121157455;
-0.6390445791939646;-0.7618296314574239;
-0.595361257847101;-0.848521907839329;
-0.5683243710918074;-0.7842363875010498;
-0.5510019702352673;-0.7880389133670566;
-0.5942678314707092;-0.7713437242867636;
-0.5242373553045093;-0.780567572319514;
-0.5930108447951841;-0.8695553058821154;
-0.5610080800949301;-0.8784626043260227;
-0.5282604033263445;-0.8500048183684753;
-0.5369913260728039;-0.8452488008307445;
-0.496847668457695;-0.8887145040411575;
-0.511361505768649;-0.809180031114492;
-0.4946872688220374;-0.8293997844124996;
-0.5323643888260438;-0.899540434270349;
-0.49073747122449585;-0.8685409511702877;
-0.48459416670864336;-0.821275611387649;
-0.45036436949561;-0.9022452068571164;
-0.5076090758192394;-0.8468814102949878;
-0.45019695117310715;-0.8961997511753411;
-0.4521422946461864;-0.8996927587579229;
-0.47411835312477113;-0.8836688990488947;
-0.4736609153778349;-0.8698048452225885;
-0.4744723516903941;-0.8620155691518847;
-0.39339690146765693;-0.9428238122560048;
-0.4238726171865551;-0.9456298488608759;
-0.38422002326710586;-0.932483896057963;
-0.3711859243472448;-0.9424246713490092;
-0.36284384685249227;-0.890882921281857;
-0.3503190603836206;-0.9522109536772505;
-0.39085199020044237;-0.9246777506742315;
-0.3723727971019433;-0.9382919634406192;
-0.4049028770999108;-0.9720462554989477;
-0.3605348826514284;-0.8985189390644273;
-0.31121741512081547;-0.8935621534156909;
-0.3627675694339153;-0.958827389201065;
-0.3910750061994955;-0.9003439206747657;
-0.29990384521409624;-0.9309258312354247;
-0.37253949014233423;-0.9849288223527067;
-0.2762000673964089;-0.916336052800975;
-0.3290076411213246;-0.9342879685501341;
-0.29570134228023365;-1.0013863455928371;
-0.2674189905128714;-0.9902381244789279;
-0.2909595734856277;-0.9720364827023508;
-0.2680867843841173;-0.980220852685994;
-0.2807026564597944;-0.9835655905174585;
-0.2341060434484603;-0.9710094194735468;
-0.22998696357109272;-0.9481813579033929;
-0.20116571662338714;-0.9993687310390913;
-0.2901737949430134;-0.9535114300643023;
-0.24833807614029502;-1.007033406284354;
-0.24675408739260296;-0.9967151152601322;
-0.2370395421381035;-0.9525839560423276;
-0.20060426883782775;-1.012605924852642;
-0.1888532847486339;-0.9898908570802591;
-0.15268976750016977;-0.9897027906758219;
-0.19327494127931422;-0.991761165610202;
-0.1535411791802584;-1.0055301612872094;
-0.21368902394037625;-0.9582621540433781;
-0.11701183584471089;-0.9717644748902349;
-0.13400452681627564;-0.9819113240437761;
-0.1828839980921024;-0.9609769293784097;
-0.15937447890207243;-0.9465119338311929;
-0.14482451658657794;-0.9897497508189789;
-0.15229517869176562;-1.0128780957112733;
-0.13899943616837596;-0.9578455242840351;
-0.15012699926936046;-0.9930332752985328;
-0.11434057954587563;-0.9898865058440497;
-0.0716997267357179;-1.0346809235786358;
-0.07801572570998626;-0.9946531489797682;
-0.079161477021844;-1.029835773310947;
-0.02908763470212599;-1.0476384763230864;
-0.016601357984660677;-1.0254692021747907;
-0.0596557399419432;-1.0148972013797162;
7.778812722774586E-4;-0.9498618932641489;
-0.01595790797623064;-0.9705059095260419;
0.024039882568429417;-0.976071889501931;
0.028031697579990127;-1.0161029017107213;
-0.03444603367574343;-1.0235159454189564;
0.025039075417909104;-0.9890037099556334;
0.039929108479963574;-0.9501269661051654;
0.023682935701808086;-1.045290557620945;
-6.679487910819515E-4;-1.010890117627984;
0.03846157695515103;-1.0260514545183856;
0.07505776200774311;-0.9537751014612247;
0.059013682183640066;-0.9585969101636485;
0.10372450503021582;-0.9911718616082622;
0.04269907755194169;-1.0100096353101664;
0.08609455828077572;-1.0239018889650926;
0.09323685918307305;-0.9977848931575721;
0.09927562352640318;-1.0057170869854284;
0.13995472579748106;-0.971596543543464;
0.15893683466186864;-1.0189130595963163;
0.0971447764863806;-1.0113761916985404;
0.1071771535868115;-0.986273472422945;
0.10108738431629433;-0.9399201019744796;
0.18381292194935597;-0.9710270094700092;
0.1934962314040532;-1.02314099118646;
0.12410516055038968;-1.014838308577094;
0.1444539362640324;-1.0278590973584232;
0.2143261648677395;-0.9340690401816074;
0.1853491639911566;-1.0256792571969748;
0.22806885921658482;-0.9366352365836145;
0.2528924547263266;-0.9720281299800134;
0.26083121817956795;-0.9357516926021081;
0.22897949364548847;-0.9518279576816796;
0.2781620432828792;-0.9226942558417055;
0.1979868605149672;-0.9675606908125439;
0.2935332466137112;-1.0184255201368886;
0.23302677394004354;-0.951628577515072;
0.2961077006123239;-0.9535193774704056;
0.26575371509005574;-0.9129447109228119;
0.25570064227679207;-0.9272847096751331;
0.2905072507650161;-0.9775893182488389;
0.3424864930042861;-0.970328290500694;
0.3028917346148258;-0.9551449959135929;
0.3123819004094485;-0.9800119044417408;
0.27533501502564384;-0.9559763398003104;
0.32553968265692684;-0.9153484343177788;
0.3277346919889596;-0.900246878848201;
0.3850172693899995;-0.9268466049443571;
0.3599918014441706;-0.8968684332134944;
0.4054371579182825;-0.9576538317540392;
0.37504830851402793;-0.9298555037068574;
0.34733579126100916;-0.8850615357581093;
0.3359861150272428;-0.970709496868831;
0.38190115914170675;-0.8760270785853389;
0.3688117506286893;-0.9384850825082376;
0.3829283777394285;-0.9068313431678797;
0.4437422777260765;-0.95409318069622;
0.3780763460675691;-0.945330837128703;
0.4421243907376657;-0.8821725329335516;
0.42988753575157956;-0.9144779927872823;
0.44356004481418204;-0.9225140938672882;
0.45853683958545866;-0.8478732438531994;
0.44837842447635123;-0.9035498373543672;
0.4629043569073264;-0.9120772582542096;
0.48428538574623126;-0.842819927858458;
0.44432082640076265;-0.9062515660390147;
0.5328379848097413;-0.8736095293594471;
0.48821341997357265;-0.8574106649096768;
0.5513330752987323;-0.8930988881285633;
0.5128834034194887;-0.9091585255951491;
0.5587653669154391;-0.8653976628408455;
0.5517762110769171;-0.8532472683868797;
0.5007017322256719;-0.8127368019517052;
0.49585823622038816;-0.8766356258186815;
0.5072350124463846;-0.84986865111098;
0.586093695050731;-0.7919396342552518;
0.5106218864111098;-0.8603782695749372;
0.6125186957636558;-0.786257882072553;
0.5947758499881415;-0.7791363273884797;
0.5460386612843775;-0.862318409825146;
0.6074777482611879;-0.8325262508312098;
0.6018290722936595;-0.7567343197347796;
0.5779826350924866;-0.7973556506351662;
0.6090984678056112;-0.8028698460650644;
0.6476432769653111;-0.770514450654641;
0.640976505999639;-0.7604086247525804;
0.6392368919191456;-0.7944693700867574;
0.6404188151511415;-0.7601806510540502;
0.6618731803924194;-0.7585868859455149;
0.6632742594705286;-0.8111442960009377;
0.6726781348868407;-0.7930540612864678;
0.6480391640723598;-0.7866345664514478;
0.6938894678407588;-0.7908189860588626;
0.7133269379819904;-0.7490787123488679;
0.7145659209582698;-0.7334999266879425;
0.6787104323583057;-0.6863450044508371;
0.6898041802132573;-0.7596146473645876;
0.7023483102208057;-0.7187304703410289;
0.6871734072367573;-0.6977586641157331;
0.7296855781192365;-0.6933081568194762;
0.7200189449158566;-0.6935135636081555;
0.7515223362317003;-0.7119443390903025;
0.7503530412421338;-0.6868938699130094;
0.776873736852352;-0.6407609395695755;
0.7402419360944752;-0.6470432502871063;
0.7362980320969738;-0.6221582814236893;
0.7799149758441739;-0.6426682703814008;
0.7447484741865498;-0.6557281334561601;
0.7232629091167143;-0.6203501153221976;
0.7695087967625492;-0.6314768260397264;
0.8169588608101841;-0.6784022252482338;
0.7684008313156567;-0.5877431143975748;
0.8181269085425926;-0.6613439487922297;
0.7862068208372404;-0.6270352389770233;
0.7572996215737164;-0.6593378124145741;
0.8231277719578836;-0.5557265466816553;
0.8183472715539936;-0.57809023095228;
0.8181032243877854;-0.6181388290732599;
0.7751278689876304;-0.5477429280358113;
0.8219466385628356;-0.5720073980380971;
0.8457985894193539;-0.564184599269088;
0.870504508541042;-0.6006617723864724;
0.8000455365147207;-0.6029897372673745;
0.8064262780151987;-0.5774706695587393;
0.8819301975566544;-0.5148438804009474;
0.839635976113932;-0.49018984613941413;
0.8916173938369564;-0.5018418657709566;
0.8812254244422963;-0.4968162122143312;
0.9029408560286303;-0.4864480449942079;
0.8332427634544622;-0.5203914132023941;
0.8805790564358308;-0.5191847172347088;
0.8677289882012659;-0.4979129924040776;
0.9005552379744368;-0.5272674576980723;
0.8823590321736434;-0.47810106034329203;
0.8708420991492204;-0.4844332585759124;
0.877172872183224;-0.4142331998950962;
0.8950428468360719;-0.4821098212498444;
0.8571360575765999;-0.4216002737302971;
0.9214369327479423;-0.4038516871386674;
0.9286479309851854;-0.46435055239423834;
0.8721199865919547;-0.4486211475460058;
0.9246197319279663;-0.4035794781768355;
0.9525340358938548;-0.4140193401832807;
0.9623737037755397;-0.37748720128697666;
0.9003754125641836;-0.43797518062998814;
0.9113681768942675;-0.39526587949524866;
0.9446841754483887;-0.40667719467136293;
0.9236325595033926;-0.40909357565109056;
0.9108602937201464;-0.3676856022784355;
0.9588000615322402;-0.38320142378426436;
0.9254182544347893;-0.34018938991548936;
0.9177548472824079;-0.3054455728066618;
0.9454830998817096;-0.28927543394244865;
0.9841642672694864;-0.2851553003523103;
0.9623474064696795;-0.32785408757127266;
0.9615457062485109;-0.3512434570984525;
0.9058500380599857;-0.32853797094241366;
0.985021488053642;-0.30665533414058416;
1.0069039424424904;-0.26829808440571923;
0.9815441552921323;-0.30919682823485034;
0.9591916863495363;-0.2911236574588045;
0.9501284495876737;-0.23462263697974148;
0.9578638002987871;-0.2581895392596316;
0.9345050625780421;-0.23558007228968947;
0.9830164175654553;-0.2611872538649886;
0.9646153157138656;-0.2395939224048841;
0.9387911163749816;-0.2025031812103125;
0.9504946621950784;-0.2307426186943044;
0.9551312588249887;-0.19582969674989587;
1.0223469502208775;-0.2330158302669926;
1.0085455296553796;-0.21257240282169948;
1.0239902036957271;-0.15855843197337813;
1.0206708053371885;-0.19306899349183093;
0.9833586177856853;-0.20109565618071504;
0.9489928560285368;-0.15716256302083464;
1.0033743802642103;-0.14379906676827917;
0.9927748204491971;-0.18607455694760217;
1.039256794563006;-0.11169284024317262;
0.9990597685038523;-0.10679992807556869;
0.9542151592740697;-0.1314146903153612;
0.9685551260596338;-0.09139933031468997;
0.974475675862393;-0.06573560931941465;
1.0292730690594523;-0.08659060427041824;
0.9967216348999663;-0.06670744041172354;
0.9669924489783928;-0.11394410996650078;
1.0362800179011007;-0.03964714744642535;
0.9759242320438285;-0.027763814015145927;
1.0427665228225071;-0.030381488018799856;
1.0204037863682514;-0.08638839322222602;
0.9514049673861944;-0.04026564320334233;
0.9789997951196684;0.016826067686541216;
0.9828659397907591;-0.03745418520277607;
0.9761209878882366;0.00417781954147349;
0.9522234257651251;0.0312573674413208;
0.9930182486182175;0.05300436988857356;
0.99850707690854;0.015987327221976773;
0.9900211169322481;0.07468693774976351;
1.000331693543545;0.03509603109376481;
0.9649140492146661;0.0061534905841495804;
1.0002143982364404;0.09919967686255396;
1.0185492610188984;0.08685701407014086;
1.02044388116305;0.02144218131583002;
0.9981093633475313;0.07242840020078803;
1.0167449832645943;0.05238261853973856;
1.0408743798062785;0.0925509103773091;
0.9824858400364397;0.11076593728215364;
0.9469141938628476;0.09507589509316008;
0.9858036530469652;0.14247979165165142;
0.967818843654452;0.13099705773194179;
0.9947791337639661;0.1291605378071182;
1.010395484133444;0.12562324855339632;
1.0216684829091276;0.18519652558431451;
1.0192022802698257;0.1501373977296192;
0.996205760663037;0.12728703283622875;
1.0198558523922443;0.15470186401779742;
0.9601173541894755;0.17425032364571982;
0.9762403428693026;0.1493681510633828;
0.9602441796755149;0.23643444890873566;
0.9390625587286802;0.22227155787327552;
1.006046139733364;0.18386961911975974;
0.9406390404983277;0.2659390341840583;
0.948767314280394;0.24021105292159328;
0.9213673507847845;0.24201111603083805;
0.9341691778384553;0.23555645403351075;
0.9570252417087217;0.25227654382511816;
0.9784931512992069;0.2653823493284083;
0.9928577868779299;0.2996407211224724;
0.9181926286288667;0.24512870776227783;
0.9803539870181496;0.31649694592291844;
0.987978525033522;0.32037143733913287;
0.9556806982361287;0.3099418982145496;
0.9888513697946936;0.29105747018707884;
0.9949332399866955;0.32337458497435956;
0.918046760994476;0.3349373327073719;
0.9306783659791742;0.34224059005083185;
0.9462000338732574;0.3701152334682837;
0.9167066802980051;0.37803112130621574;
0.9435397748822096;0.37954689929821034;
0.883478099121555;0.3491189940727065;
0.8765488238951733;0.3313504710738056;
0.9354351828396468;0.339611380099243;
0.9192852496692194;0.367956013650684;
0.9031757735872701;0.35812178340643336;
0.9494347177702889;0.4044042803615884;
0.8784175958589665;0.4372113533320246;
0.9281695438180134;0.4715155742010959;
0.9277540118099922;0.4112223313999712;
0.8950187094154859;0.46318467598219676;
0.9023914688976328;0.48532405264474865;
0.8442069065514383;0.49871799104829323;
0.9353755919689761;0.4618145879772356;
0.8872996947672233;0.49091418134504616;
0.8452543115466316;0.5210687997375012;
0.8484956852465404;0.5184997791040862;
0.8456927358897531;0.4639961849251777;
0.8835356246067421;0.5375663300021523;
0.8942460463938559;0.510469585994285;
0.8609521031084479;0.5308158852957263;
0.9003128743486897;0.5139084638313076;
0.8952625718318058;0.48570671599855486;
0.8522332662662175;0.4960481333971695;
0.8757122407890239;0.5130013570187102;
0.8165615470089781;0.5278989732410045;
0.7913023015781593;0.5657541953588966;
0.8087359226334416;0.582997277247289;
0.8130928828110755;0.5954359951742138;
0.8336830349849218;0.5672721339690651;
0.8581490134340954;0.5866778993674401;
0.8473370575134707;0.5862002826419983;
0.8260017901950454;0.6450276146371393;
0.7956193676186544;0.6443936392529215;
0.7681258419189164;0.5731456357355184;
0.7461162318264334;0.5853617591848976;
0.8236880936793339;0.660029514512478;
0.7395083111546485;0.669914253665864;
0.7307017598844858;0.625139353961555;
0.7527472528540575;0.6605157389410327;
0.8007233666986983;0.6047078324366535;
0.7840409935648277;0.6258786154773622;
0.7273595164618746;0.6410532681157095;
0.740900835127694;0.7051766067026457;
0.7841040628287695;0.6373743368545473;
0.736819754585806;0.6744846654024218;
0.7554051968454323;0.6702902559866295;
0.6795928026198257;0.7393984542851466;
0.736365898470392;0.710300360587995;
0.6648568700082294;0.737259356347836;
0.7311100988687709;0.6863722030751276;
0.6721184911516788;0.6700085203534485;
0.6776008259962646;0.7450274318635685;
0.6973547742999718;0.7044162171803459;
0.7275754652387025;0.6965798544948963;
0.6462139477184068;0.77028031506749;
0.7142672220944661;0.7115902785503114;
0.6549084000582104;0.7591604526937624;
0.6477107671290901;0.7291378514627844;
0.6020845580797107;0.7763120724227296;
0.6876839104566891;0.7651677938148495;
0.6242702501788563;0.7267071565274796;
0.657716133882352;0.7639605564190864;
0.6499417328473073;0.8223761586338606;
0.5800986428030149;0.8186776203202731;
0.6228188488078027;0.7827782990990731;
0.6314595462917523;0.7979742816227766;
0.5936882752237198;0.762505025050536;
0.5412216745296241;0.8548299463938842;
0.6218711847295081;0.7813440874222568;
0.5811394396234209;0.8610315766734408;
0.5423930494501117;0.8505793853646775;
0.5231150477975587;0.8061561660771339;
0.5229797642022492;0.7863743342883325;
0.5746233226774828;0.8234331592598286;
0.5561955887659522;0.8761841974049076;
0.5363282131356044;0.8565280121314665;
0.506354924895579;0.8173654746630208;
0.5648530672449124;0.8610731527848628;
0.5582812492742619;0.87849809724264;
0.46517060610269123;0.8426827923091896;
0.49555299590379875;0.8434088228208729;
0.48170743030302043;0.8692232263454007;
0.46956755075233453;0.8854819024157329;
0.5050118257310108;0.8592703446711459;
0.5075709651786299;0.8855657222278135;
0.46171252812811236;0.8409712925235202;
0.4477423294299828;0.8506318103901481;
0.4095000126706263;0.8959373638695934;
0.48248826692384117;0.9123152092637744;
0.4159907866720414;0.9513303428240397;
0.43729429683830395;0.8845629247143865;
0.46058906258263554;0.959964689593817;
0.4117963018679601;0.93783978989953;
0.3618390821674847;0.9130331037848817;
0.36217669457273466;0.9036887148732763;
0.39926531964196893;0.9629731949434919;
0.4095563335068282;0.9579150063017787;
0.3683266268576438;0.8950280764614011;
0.3177445846857286;0.9432620564547527;
0.379864337269662;0.9752139218094507;
0.2955263769589475;0.9831683544854026;
0.2913032653879324;0.9196926445492608;
0.343606488651112;0.907043468814884;
0.3358683591527868;0.975958039189878;
0.2843977078806015;0.9544732381854304;
0.29820880157682056;0.97977882949604;
0.2840309243025955;0.9508621648201434;
0.2700751367305089;0.9535023080322989;
0.3002816058498591;0.9502435342266131;
0.30807397118582036;0.9411073324205097;
0.2675485186720591;0.9223355574222367;
0.2070287160891557;0.933305630767473;
0.2605869797842597;0.9203944269989182;
0.1971036796619464;0.9220255179336794;
0.2623902960501747;1.004012823491327;
0.2706028007601784;0.9377723251700946;
0.19842948011667927;1.0067351297881282;
0.24523315549148608;0.9656448940018425;
0.18940276480684168;0.932208179351704;
0.17462733007048684;1.0061977700057998;
0.21771272964899877;0.9345591066144215;
0.2240476165327479;0.94587379584786;
0.1990804522138827;0.9887894632333505;
0.13944890710715727;1.028392006223052;
0.20002229196512394;0.9851974324477267;
0.15145609773236718;0.9732608436801713;
0.14435648175110397;0.9881876723809856;
0.17231566751808403;0.9704969478579908;
0.10747302497003862;0.9843009047107333;
0.06351004131894487;0.9916648055078638;
0.10579183096308875;1.006893071643796;
0.07447725524883908;0.9965128318624413;
0.05065041683049625;0.9656165491568498;
0.07875730011448631;0.981766520516064;
0.0508039127772876;1.0277034892530417;
0.06289050314349265;1.0140494991864584;
0.015786537728562207;0.9950241263315849;
0.05552214686238393;1.0124384688145605;
0.03357505949176992;0.9959904382205599;
0.019421448002369786;0.9978181668761131;
-0.029688758788012658;0.9645982735121347;
-0.032498039670516676;1.0059876408018877;
