1000;2;
2.366203085792557;1.7513400292148105;
2.1203328315021834;2.0651679642340937;
2.329732098911394;1.9997466607176166;
2.4240181628245683;1.60288816997186;
2.128221947999531;2.032743603881953;
2.4848788268336888;1.8627056550528625;
2.2726218692774705;2.011166585422186;
1.9977401843783258;1.737152353081983;
2.0358733659434094;1.530774134146319;
2.311234364666794;1.7889232926392353;
1.9071761939026355;1.7869517941558815;
2.715896869999592;1.9923723849667514;
2.3389562676199445;2.0098508674352145;
2.087300325001861;1.280320272853778;
2.359499279191609;1.7142365909851365;
2.5099346677510153;1.7311186079728422;
2.4658203395335887;2.04422418110032;
2.269358415143251;1.6539044605377486;
2.1842332453543802;2.083687376021642;
2.1387112123521375;1.6466513417873279;
2.5445546580935368;1.9803168373767217;
2.0002595266185343;1.8244688804273308;
1.736754448625454;1.927845983444221;
2.2141752811539934;1.8422460666780431;
2.106065719570349;2.0765011179388364;
2.3089539766834353;1.7842508422820031;
2.2471120053549063;1.7371127156931585;
2.5123791096913863;2.1654385096533386;
2.303739425902972;2.011734605899273;
2.3277300634059577;1.6799742882326725;
2.143379271906818;2.0751115946424554;
2.357574401848214;1.8170418898242982;
2.10940584896006;1.9271137291670197;
2.400512504161202;2.136389393222675;
2.2825101139952655;1.9538774492567894;
2.30662856018093;2.101082768050192;
2.520483265840757;1.4779988644748134;
2.189064965497187;1.9536620250508583;
1.7205261876936297;1.8491933595988885;
2.270939673865267;2.129982758448883;
2.2522846252701836;1.835470838848592;
2.420640500848456;1.6150452728118092;
2.4799410826263504;1.94837984214764;
2.406764269465015;1.957423652838351;
2.2600639893348133;1.6959041408067155;
2.5056030279091774;2.1083817227908503;
2.389669137456429;1.8330911004722328;
2.2793826573618667;1.9657632720889562;
2.0971005764547344;1.8944692307779802;
2.518295281468748;1.8919246223059227;
2.188127061004277;1.7379928292077451;
2.257441724952253;1.9388899458682698;
2.221998441522377;1.371233976939289;
2.6322219882908455;1.7843752923826754;
2.313225769899291;1.8048245883075105;
2.1791566030217453;2.13406114419702;
2.085338740048016;1.7669112486703353;
2.198605524343422;2.218056214459807;
1.901524397030108;1.9592531751680884;
2.3019587182568473;2.1182791989091094;
2.528257035757937;1.8562699607373383;
2.0086281330581732;1.7768075243833157;
2.4208400351019956;1.5841152518065902;
2.041658109598318;1.7621160489806968;
2.187301829465977;1.594651597616059;
2.3262125810197745;1.8411867789936782;
2.2490816571480536;1.9853671824097099;
2.2148452273354176;1.859872452873256;
2.005640669756016;2.252401618322802;
2.320686797993771;1.8956978494368544;
2.2461166860065744;2.106316581436961;
2.412482725760907;1.9464264939373896;
2.2095868330530477;1.6987861800948982;
2.2365921490500362;1.540603670734838;
2.107149340733675;2.0283422099034927;
2.3651484591171905;1.9677198702589849;
2.4172272169196325;2.0765969427361304;
2.069992878600962;1.9511349782465233;
2.332308609081221;1.6098156736217244;
2.089496190182003;1.8246203128599578;
2.298761891615254;1.5916089955244734;
1.99861101939755;2.2412267201302076;
2.3764100314728127;1.6387797026954536;
2.0155062808071955;1.7039066516278034;
2.268478550608415;1.990920659678406;
2.2519331345238216;2.3170769313702686;
2.1572857118828157;1.7472381167880857;
2.3409164521626487;1.627863486696207;
2.6623154854172544;1.8290934880638565;
2.48616495875401;1.9889182226330155;
2.4394473472625458;1.666976232452725;
2.4662406622622886;1.6468245521313318;
2.3463805184914794;1.4879148036180458;
2.2442601895543226;1.5318961302432295;
2.2094348974657865;1.827646912103534;
2.6251098819339833;1.8512509359831195;
2.4094947011512193;1.7700146956494993;
2.4349534183439654;1.8349962707069025;
2.485567531626737;1.7342778385683328;
2.1675323526114383;1.7527121763688636;
2.2174674457154753;1.7791926929891966;
2.576038851785031;1.992816802569945;
2.205130031906234;1.4275154372524286;
2.484303084904824;1.7642838871116113;
2.3901029315405844;1.7111647552553482;
2.4114345241934347;1.8572290158820448;
2.3027661987291523;1.8412261476664826;
2.4214032049438345;1.913544887928282;
2.175866905065018;1.7729912197547821;
2.3962875501363934;1.831866021668665;
2.08928940686133;1.524337756450925;
2.0804079120498944;1.738923332865736;
2.266477431117555;1.9300663372954885;
2.2175146538965804;2.064532223856655;
2.2831500759412053;2.0041780279033867;
2.1666460150537126;1.7431073859357482;
2.243903599334494;1.8650685174587187;
1.7379778155982302;1.8461742895579478;
2.42347425364057;1.6130836921252818;
2.5729712432807954;1.899908111938255;
2.3592637536924435;1.8059289032211128;
2.1538219959514056;1.8864407490510284;
2.051755221226407;2.3402573398366004;
2.343824994713942;1.6432707156850772;
2.2773459625379058;1.7713357686583548;
1.9246483151320608;1.7292977115657489;
2.0890315208727954;2.054441998005743;
2.2201097404155217;1.6947128232756492;
2.097783975597567;1.6866313093111294;
2.237664517859697;1.7342299355399338;
2.346908576388594;1.8810635699098064;
2.401966844166461;1.263090524033478;
2.072850774225074;1.820542674154147;
2.3913643606858246;2.0940115467466383;
2.199396754942384;2.0191609229279717;
2.0055447182702943;1.697450058909889;
2.4016343800237;2.1029104731362267;
2.2334853972949484;1.8108261750570431;
2.246263032914915;1.5655113715393787;
2.2009781799483212;1.9875212607837542;
2.2061026397790533;2.1282693486385496;
1.9531587361989773;1.655528831670253;
2.219130862461126;1.7384962478931028;
2.1804773962674693;1.573735670436114;
1.9445983282151627;1.991382008943803;
2.234285471454462;2.134031411563904;
1.8502453476244027;1.8204823154321295;
2.117140841025132;1.653848009898514;
2.335451308591908;2.0778606814429597;
2.106118141013444;1.9737721460348376;
2.1244623074137023;1.6196287114093513;
2.37358966702447;1.890905666306636;
2.138861479828494;1.8331254676523068;
2.685150210058771;2.10895581519412;
2.341548362828828;2.1840993509634927;
2.472363972756132;1.605987049863209;
2.2818080948237185;1.8610661041747079;
2.4797467665383857;1.931507353853029;
2.0849050332706884;2.1324550141842606;
2.2694032231127763;1.6717575542501184;
2.167067172401259;2.1824059157030504;
2.2531542132917544;1.8597604839923898;
2.4019475925827107;1.7814814894789757;
2.454871103796402;1.6334523216732435;
2.351661811530963;1.900150526375633;
2.2587725608899025;1.9686946513603083;
2.4511884867491567;1.9582691104466023;
1.7738684525458306;1.9858084442820052;
2.4507813445988496;1.7229932371022074;
2.1280157746740658;1.491388361685835;
2.4053290605340107;1.5834736843359898;
2.0630142412192316;1.7075323955397088;
2.2623251715171127;1.5187635642760844;
1.9839548418891528;2.1158398159545997;
2.231510176763731;1.573777051471251;
2.5694572296162335;1.6685389367156827;
2.251238411614279;1.7195423042368008;
2.234664860977004;2.084766667653263;
2.0272633038145713;2.1240970687535228;
2.1894539632443983;1.7959586045927767;
1.8102598608871845;2.0717602462638354;
2.3604580708300906;1.625743045579899;
2.1700526425096154;1.6659457320856046;
2.1937476665854354;1.9703362793924448;
2.067603412953786;1.8445630354041682;
2.2112560936444106;2.1207364141933867;
2.3807419944399313;1.6872931455528153;
2.327382606816859;1.7201681948122558;
2.138871585672483;1.662234486086906;
2.1944912922322977;2.1188792046539096;
1.8939027113638922;1.8513058278707135;
2.7547593618954904;1.7892295816550234;
2.352024346566167;1.8392799345550568;
2.3762262052246688;2.025848653805619;
1.902625790054581;1.9655504813521814;
2.4850150664592148;2.1124919534270385;
2.5336604533625153;2.1448223937914035;
2.2561209569561513;1.5954132421546365;
2.226342820508052;1.8193656436560353;
2.1365554822482684;1.9810787477597496;
2.405256743911195;2.0081350081333817;
2.474996571122571;1.9363055374005342;
2.2278296313259642;1.903191248866446;
2.307110647085141;1.8197683724185278;
2.0313450550128236;2.063303908821946;
2.4362257784708086;2.0945094748487816;
2.256739902002875;2.016234309298349;
2.070322374628017;1.47321366194768;
2.4288597777281558;1.56092518657286;
2.054403846747785;1.9602150811910908;
2.085604649780182;1.7680252401535388;
2.3613379257952682;1.6970314687482861;
2.3766774771071395;2.153312481527967;
2.4118847193918285;1.6890881896927887;
2.1431242495615566;1.9707716949299454;
2.0568684010092606;1.9297406287609864;
2.3630500483279815;1.6676479746732282;
2.6132773843881694;1.744731490300065;
2.202670110281998;1.9575196227582665;
2.310565503789055;1.9442816170329467;
1.8241610924066596;1.7023841836827396;
1.7756891890507684;1.7176716629792022;
2.2117142681889286;1.9617973193578515;
2.1260281409564166;2.1263642923504396;
2.5040847259729735;1.8273106070592027;
2.1676728528242695;2.2226990526651837;
2.214896115517708;1.6749009165041746;
2.07373857761898;2.097147885277293;
2.2042617780211566;1.656060409858263;
1.939741278352753;1.859635237975481;
2.3433780240599873;1.81140149216284;
2.1767748503463733;2.1432391421179626;
2.1501735625675056;2.2305455825845;
2.6977203441451003;1.3841092120668248;
2.3013079316093;1.9831631296733085;
2.1645294232674805;1.7407506154115722;
2.3196623788966324;1.8436860492641167;
2.434600659604476;2.1133880489158208;
2.541720112262933;1.812557740839154;
2.566239069824583;1.4801073040943253;
2.206996264457841;2.0239247379474046;
2.13759113354603;2.030255526526247;
2.328216589101304;1.832272327319495;
2.508365158126394;1.7479620840913845;
2.494773926149514;2.0165475275035596;
2.5510395401363675;1.8643275743998449;
2.0506011103489548;1.9900286796886917;
2.2881214675111936;1.781829895259655;
2.6265061609617564;2.023383656941704;
2.3155841200062977;2.0245905561800437;
2.5587721136166723;1.8613132769194065;
2.5074167338376365;2.036488113546849;
2.3116971740284535;1.7956988795434523;
1.8065553279040207;1.7199585927564178;
2.612310462283986;1.8757163650526079;
2.186279250858893;1.7675877030212923;
2.1988511595028295;1.7999905184789413;
2.4568359338500563;1.9532517157277964;
2.125015116408224;1.6622321003148843;
1.8317780662094667;1.9534221169171988;
2.2148809790402475;1.6817002404128907;
2.5767355092543704;1.8074288933923608;
1.882391172770776;1.9457154555765066;
2.27886618528087;2.0106039479926805;
2.550251293465586;1.7784237027004195;
1.9676141846016617;1.7148726912904348;
2.5591275074200315;1.757159389728301;
2.1868094214892673;2.0296176673777713;
2.10842417144596;1.8993294521933988;
2.31628911528654;1.8935614008165857;
2.6467512284806567;2.2808344969335206;
2.3702976046056037;1.8602444366484163;
2.296410157913857;1.6215186993356203;
2.4731885181656135;1.6458840103113697;
2.0913623228127793;1.77863556859674;
2.277950000428757;1.9396263191001675;
2.149066867787915;1.882107080896819;
2.2660820636655057;1.6709389972250208;
2.0856668511496657;1.8468042401579559;
2.0412853479870483;1.6869290193638715;
2.0087184471934223;2.172653920450667;
2.089842004309256;1.7189881126724076;
2.269039223442736;1.7555273317181534;
2.2245670489181424;1.712512935200849;
2.414212311057183;1.906355850767055;
2.1766574825814784;1.9836084749349019;
2.1934799854942777;1.6359573236598977;
1.8785134399681627;1.8808308405370076;
2.0238874809167853;1.66790380109666;
2.1211238925605955;2.1973424645796307;
2.3147901428059527;1.9141741420599603;
1.8668913899281563;2.006511610025633;
1.9785589659392937;2.292033088311433;
1.914587311424952;1.9790072079154188;
2.084689930054129;1.6645577692010818;
2.4741015000168214;1.7557694681213507;
2.267365515949973;1.6799426255690422;
2.1791929438103685;1.83669863327397;
2.2604394904477325;1.7897958298724754;
2.25226492466844;1.7764105510377417;
2.4332756409716407;1.944163589035806;
2.095754939055782;2.1172572403394634;
2.048240809261584;1.8981782496930126;
2.176991891378478;1.8540671766342725;
2.0011426136862993;1.7778343558797325;
2.3690591861794283;1.8558664217452001;
2.3809136967667666;1.6616835019772604;
2.3560355834635214;2.0693805167238732;
2.371311901044672;1.8637500099938833;
1.804449297705609;1.0795625512661573;
1.4904865592935157;1.0086234358711672;
1.3864986243455926;0.2914235763318684;
1.6593037822684722;0.690328671276026;
1.4087354954114775;0.585589420812449;
1.5252818577610632;0.8688836260195592;
1.1789280077093163;0.9062117810589083;
1.5718101664892414;0.3225626845387278;
1.1769454837150137;0.7507986984744828;
1.008920738778301;0.4802174043104332;
1.333250684912481;0.9025562252566384;
1.0795446337491723;0.5221215381951869;
1.204491901093975;0.8388676456107009;
0.9672162980540737;0.8012068436484983;
1.2810196500562836;0.7322759213948721;
1.595402727304801;0.8497812621357175;
1.2135970216768488;0.7756315960677451;
1.4282620912562427;0.3767496842028371;
1.4875135331003986;0.7316037488313026;
1.7589336578502963;0.6974115740854878;
1.4713368765085362;0.7415043610709382;
1.380663293914869;0.4776608768551577;
1.7634208012116677;0.5516596108759182;
1.3856432986485374;0.8908705577328924;
1.521755159672928;0.9902354280616521;
1.4433053091374997;0.6174328049673424;
1.5610036065745545;0.8329933522091126;
1.3887998517380706;0.7787182229728318;
1.2958951935848713;0.6603226808865151;
1.3921533118355571;0.5812762843100019;
1.5529915222502586;0.5131145670959785;
1.5620909284597981;0.77633440024203;
1.4351519307189675;0.37633516662942496;
1.4750457779784634;0.6081576007671758;
1.6542436231437976;0.7488124697335524;
1.0565973476152932;0.890971013783351;
1.6093855718649512;0.7770085266207508;
1.161440092361015;0.6348896383817866;
1.515703933820708;0.48259425662416966;
1.5856996262362273;0.5481032126515313;
1.4424336904180866;0.9220122097370331;
1.333567099224712;0.5154949642737604;
1.580577681990847;0.6054790674390221;
1.289835756404597;0.9597245231639178;
1.1549163339041755;1.047865293838432;
1.1449229802668714;0.34529394964507265;
1.7255000621632532;0.8143515057633656;
1.3639558705013077;0.7566124258355806;
1.756817231023817;0.5043809651491515;
1.1047815325741621;0.9219667589209883;
1.6299360589462928;0.3748300493560292;
1.7679961173609169;0.7926475594641692;
1.523831307742356;0.7769806037149362;
1.7154176366830474;0.7590487432057407;
1.3227303523822274;0.6409297540266168;
1.3458756351767376;0.33859478355811107;
1.3036145279805766;0.5637311574706787;
1.1565377991708892;0.3281395880735863;
1.7173068885886775;0.6287002553510962;
1.394783324936218;0.5174527231909289;
1.264003755827064;0.8339174059630746;
1.5106046942443274;0.9951468203939191;
1.6894469226395417;0.7933566090134584;
1.3909913522339277;0.6716371950262369;
1.3661191806671977;0.47598384399990645;
1.2197966080367268;0.579969093296547;
1.3513283932238367;0.9945584511691792;
1.3626973255614703;0.7512198623931504;
1.3617298968542992;0.5114914273903534;
1.2290887239663646;0.8525680613453163;
1.623925193033212;0.8584224578542481;
1.3837564964749038;0.5847124050087783;
1.348760579597317;0.5356102182008237;
1.268132393391833;0.5579638307937631;
1.1360140025819403;0.8889465389531831;
1.4747141377260844;0.8140846065061165;
1.5004782400222845;0.7034995658614467;
1.167638390310619;0.44058881330025146;
1.294317556690127;0.7790720783478264;
1.3595136357967426;0.6143668335462221;
1.248868524418168;0.8375218280594726;
1.3427361050719306;0.8456877972436475;
1.2815167223566655;0.5426490199021179;
1.2262884642721792;0.8644714548034093;
1.352332565707497;0.6623444115937773;
1.3939497530724683;0.6297869198364126;
1.7412043631678618;0.5133992196097705;
1.3204274905519622;0.5722542389710339;
1.2380580079028343;0.6361623603363336;
1.6299789173851698;0.867300969428549;
1.5583584112603446;0.5311467954821083;
1.3796518443580128;0.3800761492176757;
1.4874767229000343;0.7574093632424548;
1.2421514626737056;0.8332143954402359;
1.3584621628993474;0.43090249448158247;
1.5011068378395378;0.5165928640900517;
1.2443886880981887;1.0989932832816756;
1.5457510780096675;0.8177156469458787;
1.4118109325291321;0.8555147795825531;
1.3915193458800492;0.6097700406364086;
1.1880907961447367;0.596709336643775;
1.39102067785188;0.9962316918428459;
1.3249110334618528;0.9687069034193201;
1.4298799998047715;0.5445541791461809;
1.1411473303126658;0.8772154026547513;
1.4070562174384844;0.8492092252865422;
1.4221018261646101;0.5899454008061787;
1.2475746185874357;0.8775494066253782;
1.3087178935980526;1.0514284359659942;
1.3866061004966588;0.50409509722774;
1.432859932340897;0.6129883419594103;
1.4274531277370288;0.6734257540723233;
1.4366722068608742;0.656110343606464;
1.700743247911507;0.6063018431125793;
1.6213993051653126;0.5023750845777402;
1.4034072284403596;0.5069187401468734;
1.7017185758905236;0.48138068721718597;
1.5270069178192271;0.8658052224809714;
1.6652501141593197;0.8703706191774532;
1.3742438252324096;0.5536228479728196;
1.6307361319306681;0.5968399883894018;
1.2944646329929423;0.42867622482846074;
1.3286933617323051;0.5077568862043776;
1.418919286266273;0.43889023842717967;
1.3208340255724846;0.6685653589548296;
1.485129818021958;0.826333592565554;
1.3236353936877048;0.49353730788888706;
1.7480676426012636;0.6374679874372452;
1.432095373719862;0.8490892709486396;
1.469203153816162;0.7146450202258958;
1.2961782010342853;0.5378164300655481;
1.4584533853679287;0.7159906211005557;
1.2155791580926456;0.4038015108732107;
1.3483070449635182;0.4343423950608022;
1.5385734607649448;1.0021095981705956;
1.5386079559112946;0.35095938537586635;
1.7264568109075444;0.7041103591826857;
1.589507495742863;0.9518107720884545;
1.5105480019799993;1.1122696061805097;
0.9963989757372418;0.6582989720150589;
1.3996646038689868;0.5480473356052207;
1.2563240426536004;0.5270524112687563;
1.4803765650926974;0.458185002772683;
1.3576064641122003;0.7479198273597126;
1.4835246751372477;0.23413982584419352;
1.3767457644823855;0.28851880401990615;
1.4886140500274165;0.6872318641785509;
1.5841946619020852;0.7057620928307725;
1.499868464595413;0.5672634825334991;
1.6027691983417514;0.8036067447966109;
1.4121679468489856;0.8123450898496778;
1.368966718054903;0.35927433394161734;
1.7868439565244185;0.8816400511592895;
1.2206450035793228;0.7142602119110762;
1.1797606083122076;0.5447318685060919;
1.582133184168219;0.6861813535317339;
1.3056036869489822;0.6337587931143647;
1.4256435396974687;0.9912831344305626;
1.640398949480594;0.24814408713941166;
1.399753073034927;0.6450168154141167;
1.321041683821814;0.7199087368420032;
1.06648257826482;0.8975285472383919;
1.464888032381985;0.5051934778491781;
1.6827967077591426;0.40229603476389864;
1.305772193980543;0.5665572276627318;
1.4893579326946569;0.442867997204402;
1.4136547036298825;0.8591455391593792;
1.5671252985693702;0.6420396451754478;
1.3553130660969066;0.8574094795522629;
1.6130002980212637;0.4466058283927931;
1.1585860138326662;0.7329416572195177;
1.1981843605659723;0.8884416893617617;
1.338224358564401;0.7554579813834027;
1.6404420445611485;0.7144098645274066;
1.5810846754576255;0.6152322180749632;
1.1026225146329984;0.6496264554005862;
1.2446060325340178;0.6654609861082768;
1.470933743216108;0.4970096796197846;
1.4059746860754128;0.8321956521601553;
1.5468234228277518;0.7875971180276499;
1.1987510638887744;0.439073027947093;
1.2345671720847877;0.5734318325618708;
1.3769510082476688;0.5258662715874128;
1.2293567640868845;0.8810182777301385;
1.5891441048549155;0.6699136325778918;
1.0341324874480398;0.5143988174602097;
1.579530270574383;0.5466146903197411;
1.1402173065345163;0.7890343705952264;
0.9730069923026734;0.7568336885229126;
0.8639808129182547;0.613518967033746;
1.3555206927947365;0.8712461110295059;
1.583380210589316;0.5825810047039269;
1.280659887299883;1.0174264116492338;
1.3266620549742731;0.6499387653191476;
1.3476734073580758;0.8019890237561567;
1.8203409818028091;0.5250926281590591;
1.8621478095644632;0.7093438504105036;
1.2815560246274376;0.40219108942195364;
1.1639710774102923;0.7267072078121808;
1.4609465719057884;0.5706450264464171;
1.3322764413279329;0.8122379403451504;
1.5370698285457223;0.7263473467921151;
1.6699968671381193;0.6749820864912669;
1.4510766052812536;0.6189020481041106;
1.351617837769047;0.41575362479233857;
1.2547360235846878;0.48332782759680265;
1.7065916348470882;0.5513711298626437;
1.3436689112499063;0.8341237293878236;
1.3700904987648779;0.8860618943511244;
1.3287395622548341;0.8032153050222003;
1.612302673418745;0.5536103442633563;
1.3388144594015683;0.8926022060196763;
1.373603121332564;0.6887039074485568;
1.3425845600739732;0.5189497465896299;
1.4711416576850964;0.5801086778949064;
1.1273967643435727;0.6741546885740113;
1.2168602848745345;0.519278698989236;
1.2039597357490877;0.5458430604447838;
1.1289357144439107;0.9757465312963114;
1.2059264821289495;0.5659772368116818;
1.1297480217264992;0.3605282965377972;
1.5654339476252206;0.6993240774915485;
1.3376243631617903;0.7623260282059499;
1.4358431644947074;0.8040295347472407;
1.5352459316673106;0.2712778778857634;
1.4472386959306325;0.9136237866513427;
0.8246348761231543;0.8327579743892655;
1.5982017596296354;0.489430195567619;
1.3146433810246827;0.8512274329507091;
1.5750415117373882;1.0888992532148938;
1.3513394947137514;0.5715354265285646;
1.381749676069893;0.8450277290215991;
1.154097173128717;0.5903601398325995;
1.8159571230128657;0.5584034252464389;
1.9498580980000004;0.6249354450167532;
1.4676599599502156;0.5913467602942573;
1.3619415305367286;0.6952904354340343;
1.9239706628498356;0.44008509030130916;
1.3194375932659197;0.7982048119660988;
1.7660243467559336;0.7915068885385799;
1.3484997676368675;0.9393617556225662;
1.3049049873057081;0.2862713759890609;
1.4127793001605973;0.9790601275827475;
1.3448320370717202;0.5863438203264476;
1.3888373577707969;0.618306671100499;
1.0701250079285962;0.5745494330304285;
1.1554327840431218;0.7152945368247915;
1.4796856648159888;0.8596987138168897;
1.862738013331149;1.000538149111552;
1.363362219760015;0.3046337300750493;
2.4565049280908946;1.4301155548906044;
2.0715424307996635;1.4454462211497339;
2.3713916517885645;1.7422367524457985;
2.2653045379859527;1.6464537048839203;
2.473090626030105;1.7590192286905002;
2.9375765359954267;1.808851410570342;
2.420506129430417;1.7316165517109277;
2.7148554674573218;1.3724327825763682;
2.5849649466964673;1.4873867881971936;
2.473393967856096;1.4741670523572308;
2.5781584181732224;1.7754395526840754;
2.559086809243625;1.7294314809826539;
2.6354475352221565;1.658006957705773;
2.2610617308621257;1.6302272226053445;
2.4709834157280826;1.8725606930740126;
2.469883823001285;1.5451143262294011;
2.4382639422021337;1.9292675428886792;
2.3535498332219045;1.8962573342899236;
2.124640088615125;1.636763559095262;
2.5985374449743297;1.4784981012152627;
2.539580224648716;1.789107144836603;
2.344650141234866;1.6764868428921667;
2.505240138181448;2.0507542711345215;
2.1880345658701006;1.572400921634629;
2.2083617945746274;1.430330907399472;
2.4387404294107364;1.6245674828457097;
2.511334410943628;1.5625054543680328;
2.3411496874345827;1.8139634468776962;
2.4121672286603175;1.5844316867764652;
2.348818056774432;1.5380811083487973;
2.2937705596744555;1.7117496807384172;
2.2917028679089277;1.8180191786645956;
2.3160941820041456;1.556490714369922;
2.3221542561507817;1.9624323378731179;
2.3842836069667444;1.6909330985137137;
2.4901974622429015;1.950144995965113;
1.9142820852146745;1.642041456796979;
2.4449632370015997;1.813324522045187;
2.7961348263028327;1.7301691139739255;
2.2434865940592323;1.4607604589112615;
2.5843104033816298;1.661681343027728;
2.810692557689404;1.6511400272475676;
2.4419085006459817;1.4831174810825685;
2.048879965742301;1.7672356173958743;
2.5899485311987003;1.9274424264487213;
2.2870704569420592;1.4976170691488735;
2.5759485480382245;1.4713644772045433;
2.3285502651244;1.9823209867455953;
2.5739744573241965;1.3551452526996974;
2.6634519986746867;1.6717147975884283;
2.3200984680717873;1.4086676501145046;
2.5009257170879717;1.742178991680544;
2.158590955275411;1.565547964411558;
2.6703751349742637;1.7114683220002571;
2.363758633912203;1.9629431129813808;
2.406660166241184;1.5906556669200453;
2.526221280688933;1.790863427856815;
2.3351336701418273;1.9593269225190897;
2.6718263498240966;1.9997901762182186;
2.3496323239053485;1.2966190489796305;
2.4159729021920655;1.7196557054737769;
2.6692413514324524;1.8216780718680892;
2.2523606492964263;1.3366841454641045;
2.2685091463219376;1.8832142835569181;
2.262621814744104;1.5466385933111109;
2.8235173998218115;1.7534372770240056;
2.5416801132262274;1.4457045981168406;
2.6025558364978316;1.3132994950250825;
2.5316480015741663;1.5753593721408379;
2.3521062101526717;1.6370682992579428;
2.3632956098429396;1.9019931664720209;
2.3054904708449824;1.7848941933253817;
2.7861382738980893;1.675426541334702;
2.396143931523772;1.8498927252280177;
2.330717478858333;1.8112381358795726;
2.506284901451601;1.8291494609181975;
2.005510160481067;1.6483911095736554;
2.3531539148702705;1.414568465293635;
2.605157261490069;1.3394836004517565;
2.2348282386657736;1.8061545758623665;
2.1638614072383424;1.6989522079251271;
2.4308092706263014;1.554033597031448;
2.4596402670456023;1.42938832106668;
2.4634797277220355;1.5916833864582607;
2.4453829741398314;1.532508358200873;
2.6069769397532596;1.7871037250682773;
2.343019135524073;1.6069649541402278;
2.7798963167426094;1.4889165340331363;
2.655687581042861;1.5819993613626742;
2.386723760001492;1.634891430696763;
2.4611608215268976;1.754739545626127;
2.639941957027262;1.8646047925202507;
2.573937509579588;1.9934167982355604;
2.5288631709492835;1.5461034764727855;
2.594451926476029;1.652577295423197;
2.312376773258484;2.0394009122592536;
2.416632919660777;1.8657183209176316;
2.425427321370568;1.9324343426689035;
2.253239392668298;1.394319978685958;
2.659935413774733;1.1572753216758775;
2.1801153650456624;1.7670924574678797;
2.482500956747775;1.407082625679879;
2.4592312108065366;1.3733659855797846;
2.6165560877243506;1.6737807848581099;
2.2374241341701238;1.4935627558085236;
2.1684537477804042;1.5431110503351686;
2.1350345031915063;1.7704733655846778;
2.406278970513168;1.6700136392316767;
2.1532385830041676;1.4483882725093524;
2.513217927927413;1.6377065007179363;
2.41740588644568;1.5686163339220398;
2.1720573949687627;1.5006056094497762;
2.472855991232544;1.6737648060047785;
2.3888522544336084;1.3236102029086285;
2.3601596873816555;1.6973719866434922;
2.4800102559386543;1.65742114031597;
2.5242835789432476;1.6360106722196903;
2.2542977748604467;1.7631217591996642;
2.358874954018609;1.7970147780672971;
2.574487515761311;1.6222858889541156;
2.4492382792821554;1.3868311391549522;
2.2176277527899013;1.2900906356743078;
2.3646165841034;1.4654726197267658;
2.646944897849939;1.6464101074954918;
2.5415776188591432;1.5883024974944089;
2.5317845378286097;1.8991192014181106;
2.3638076815816156;1.6154453396112853;
2.309674200732367;1.38131737419452;
2.346558535748778;1.6034454271093803;
2.4791652564115605;1.6927328732238913;
2.1625689891929913;1.306843467715547;
2.1003048175564993;2.0254127984318706;
2.2725104022025318;1.5116822616805057;
2.437152150641969;1.6764121932773828;
2.3263634399886004;1.6980317873990127;
2.174107600015267;1.5677921063229638;
2.2149603890529654;1.4584098397848575;
2.3039665362572306;1.7166029141396795;
2.5294975765757965;1.8750476269895422;
2.734129192771257;1.8441547993433511;
2.3295202462769815;1.5501767657434569;
2.4089346848714075;1.5533765205881849;
2.5013713588627984;1.6565237089883482;
2.7896131008278897;1.2384165357230352;
2.3790398299827977;1.923935152829144;
2.4066773363200293;1.4921098773483146;
2.7261755333564537;1.7550944897447232;
2.9406517111629196;1.7483697008686023;
2.0367832511808377;1.6525063807378002;
2.541085654433068;1.5790063795515745;
1.916985541993864;1.761131196051629;
2.4751627450182028;1.8984525626214643;
2.555871655851976;1.5740410560404727;
2.726822004169931;1.689005707293186;
2.2783493722987833;1.8484286180496168;
2.077158396149419;1.8472853855913378;
2.340370996208643;1.5395951348441228;
2.546602458542874;1.7313647077888725;
2.3119671437958385;1.8213838963266182;
2.212199258756753;1.98947401152381;
2.329990943141312;1.6535265295107375;
2.4403645269730765;1.7638127112355764;
2.2530579616724618;1.2382209472715284;
2.748326514802795;1.3896851689423655;
2.5874920269421295;1.8452337419938007;
2.4767635913356734;1.6099785381421075;
2.283940400330841;1.5044507106947242;
2.452106957719946;1.4156796785610122;
2.3834652697949594;1.6297245522113646;
2.4010364631399654;1.5757640068792282;
2.3139662601828164;1.7132593534524168;
2.6945580754101304;1.7818073203495102;
2.69620787824752;1.6639175887041973;
2.43392723288009;1.6389476193494465;
2.5064900842140077;1.7007820884126668;
2.3919104023195668;1.8357889498653701;
2.2461312704922567;1.429965723570026;
2.6096701420625164;1.6566631645479464;
2.524019965397904;1.4417217077180304;
2.6135508197743307;1.7504387882944528;
2.328799699653946;1.3839979476833293;
2.3192779275282085;1.184288627596304;
2.244574624081831;1.4787238408392431;
2.6535097916791526;1.6742793612906228;
2.9778495716480107;1.4759803523167747;
2.2901062942164088;1.5837531273168655;
2.5094854365387227;1.4108772955100675;
2.6377798624946776;1.6734169655860371;
2.1882419470176036;1.6146576548422924;
2.4941960966567867;1.4250735652417519;
2.53051437732679;1.6442518141082147;
2.168747786101157;1.5857251797786274;
2.5980213514835344;1.3594793830961893;
2.442418373434102;1.3869284441263359;
2.4265692589850985;1.7820628698006513;
2.3198498029180197;1.8958041559408265;
2.5114524917390386;1.5828475770335553;
2.417401139214271;1.685192338095287;
2.5586275301035424;1.9435569614626442;
2.7329034096925273;1.2838932824731228;
2.1889256244102366;1.5796003647493562;
2.4973375681462007;1.392302348795859;
2.05043650192653;1.594580213618007;
2.551880749482775;1.5568568481618361;
2.312072024996129;1.3474070613873215;
2.3411979448072477;1.6667913427981766;
2.5721305379498207;1.5770613786723278;
2.233995170999957;1.7109306212095508;
2.6690049499355917;1.3469801326646933;
2.390517143338681;1.780086220394373;
2.5062147520213065;1.592042789042442;
2.4862106548255425;1.2662945830315147;
2.452871440785379;2.012211530070783;
2.42571786059519;1.492955063404367;
2.5841979800973776;1.1874272834753756;
2.5460307551621875;1.7470419601665628;
2.6845981153209704;1.6215718364616496;
2.4279004738943333;1.5856771828386031;
2.352002357572343;1.8742832296040597;
2.3355333051415483;1.446293958178605;
2.3720159377606027;1.4656686659053255;
2.640299635771884;1.7598858242164932;
2.54885770672496;1.3615535848804343;
2.543608197046258;1.9620487784997653;
2.2991236050842834;1.6537829149808032;
2.3591651449955835;1.6464093306545775;
2.522263071176082;1.5894102914757589;
2.863972788626622;2.0001289261990354;
2.176631956971218;1.5086064300264668;
2.5884022161788494;1.6678679341896245;
2.567406412850061;1.8043623215623052;
2.4260434283482466;1.5070107949698754;
2.53168202997159;2.150914725377667;
2.4069454807118187;1.4961038944229872;
2.7295731223011206;1.632645811506798;
2.457253621908548;1.4832708496912255;
2.0738071703937124;2.0130807417828818;
2.49141218074044;1.549754064781857;
2.3433567479831496;1.7869386996415892;
2.304577335731716;1.696154189764803;
2.292541599831008;1.6249659033180461;
2.7849930870237793;1.5141241471331257;
2.2701853372991114;1.4769966214833872;
2.4240113104964642;1.3938562328701596;
2.390933020155152;1.3676639471807914;
2.391634409778954;1.579820391166623;
2.3682288007800336;1.5809377969485805;
2.7443441296237308;1.6453823728565318;
2.232377511846267;1.3945904942864966;
2.267125894570138;1.9349003889447343;
2.5795326275266945;1.6803542865582168;
2.187346534844978;1.846765286523392;
2.5446608431003646;1.648968212821519;
2.1656576366391103;1.5685388464053058;
2.530951825867877;1.833515055653094;
2.215163445378329;1.2335401651303277;
2.29558392183698;1.676993510595403;
2.475696767623368;1.5896316865152313;
2.212990488593639;1.5735493632041557;
2.751508374857354;1.371770586451958;
2.5262234061221878;1.7115053214995921;
2.424683395882255;1.7638610475284084;
2.4001548555802015;1.828366031269328;
2.3643895524525074;1.484827129868052;
2.2982715808727305;1.4070212484778115;
2.1387049713222805;1.4478534464583765;
2.459919602348775;1.6894506581823652;
2.6199664568488914;1.6623699347540977;
2.724652728680631;1.5614122605788245;
2.3427818096522035;2.005137608834239;
2.12031549192664;1.6921552436050704;
2.494365078208621;1.5740992133521299;
2.669205045897884;1.310564942235166;
2.4271859895132724;1.5628655610401452;
2.3678760851111185;1.474114225702717;
2.437367747375915;1.8262452116242307;
2.960211791644469;1.6423113448113749;
2.087493276192838;1.8290552759227718;
2.3056780762943476;1.78422121913657;
2.670837575476024;1.3207656328541129;
2.380830923926344;1.6790629423154952;
2.5755431005335345;2.0063002755498602;
2.5890110867675675;1.635978146974016;
2.1948159178076376;1.9190342846387844;
2.4001830855365593;1.7371810597581134;
2.8491642676039914;1.8603952430386907;
2.5587986091826584;1.2815927919243082;
2.4719223718970698;1.564296931235734;
2.420683471667179;1.447509363052797;
2.3179697065046;1.6039329928525183;
2.530814924706856;1.5303289686668244;
2.687610534334834;1.7330292936154401;
2.466671737011296;1.1076788001428055;
2.0100803992667284;1.5615248632213699;
2.47555372615759;1.9151389060140434;
2.488268372083282;1.9339500734047108;
2.3084547088581666;1.6776815847351922;
2.809749340619953;1.7504579441827657;
2.590119347685899;1.46260479492258;
2.772619527245637;1.597721036165988;
2.462978977546268;1.6129689370022275;
2.2787215689147358;1.4893109171618208;
2.745093952281248;1.4492214799667718;
2.4428430375787893;1.5725438610130018;
2.5571585149952143;1.8626317404092976;
2.2021697191154743;1.8632010428122656;
2.741156830718684;1.7460282348447222;
2.367945501926166;1.4949135316699342;
2.436565283746451;1.8011296963012786;
2.5942859474653006;1.597728113079323;
2.6365911163386944;1.3205898731082828;
2.3991592070905847;1.401916941738277;
2.516365101489555;1.591994089036724;
2.3568694860105928;1.3427141467432715;
2.3976196604857294;1.7476208530443293;
2.7853443312740658;1.5679364449847224;
2.311822844056594;1.681575400271853;
2.4246412867072027;1.5038578534380205;
2.6127590758022308;1.7307646221897746;
2.072215443700978;1.6187377565734284;
2.360676153791459;1.4855280088438816;
2.632908261087006;1.7519387193127596;
2.666969403765426;2.2104480971300178;
2.3958347798997637;1.4952968523200536;
2.348399736479248;1.5929042426807394;
2.6868616796257525;1.4986630608508722;
2.4898695753333935;1.4392425803729731;
2.16765339473466;1.4133906040132365;
2.5900314568222;1.8800880629887926;
2.3366250179771604;1.4236641696692462;
2.2209472653968905;1.5196255088919468;
2.532219874368341;1.8342341264166837;
2.252476281054802;1.954941117476772;
2.224210527376363;1.4757348102783168;
2.547431166243035;1.6782552712446142;
2.629767435562128;1.840307201235203;
2.6967580472026853;1.568141699854337;
2.415234056413209;1.6310677492938142;
2.2932060248901065;1.6228160319433165;
2.368316749643003;2.1879901119578666;
2.6933278447524707;1.3998919008283077;
3.405790750621583;2.544559659808593;
1.843926004908507;3.420239800034746;
3.8710885122733343;0.9084007380028145;
0.3926522472270355;0.6188183108178809;
-0.3163151787931375;1.8770719403566956;
2.0793378459376535;0.6738814284207351;
1.5065618018990574;-0.0857539800610792;
2.537760396293194;-0.4431869645506112;
3.2006354386719327;3.1753082192945667;
-0.36878436753934984;2.5241880727084745;
1.7742331632783652;2.959778806809749;
3.502268195314029;3.298728807300287;
0.4733694577453422;-0.11189066732107777;
3.577456161340085;2.699249864212141;
0.9312897026058269;1.5315040387937136;
2.3870697822716127;1.946539451135839;
2.182964187851105;0.13016050542110158;
-0.4823506794224046;2.6616676086225297;
1.5030405415813006;3.8326802627443746;
-0.012014349849277794;3.0033959017577487;
1.9442264170335797;1.0773963522985588;
0.8281828208857682;-0.037843305395857396;
2.1371498326054295;0.8149703160259125;
-0.354268738439451;1.5395013061799316;
1.3624559533245515;3.2408549210744115;
0.4825630294194484;1.3939630096609057;
3.621230779135052;1.0660802423877773;
3.8027033642937447;2.0269611767787765;
1.4107955064762485;3.6053078374375422;
0.5014042189315222;0.21566770924448453;
3.659503330694478;2.102213407390086;
3.8935364300526034;0.17368890311787832;
0.7863714319568467;2.243995438730638;
0.22154137870151525;1.8349616581012613;
3.629218305857602;0.7391686752014266;
2.8213834658270933;0.7114423201004656;
2.528428132432957;-0.35420513857579594;
1.198717123538594;3.4709644787580114;
2.162552121439391;2.340909848973935;
2.3968738548478075;-0.2819296674273973;
-0.1933420771009881;3.616149265224073;
2.1832981489558234;0.9376684561729349;
1.0246740430213905;3.3694364771389687;
1.7417009678559907;0.6790488144297289;
2.9129318704146936;2.738085253524896;
3.733473143449393;2.3160852844648305;
0.38368996741172423;3.784781450864773;
-0.21620669197506986;-0.38161786633179373;
-0.38536749063523995;-0.4953510134975784;
2.6553848902430333;2.4076724514029633;
2.1931655574097846;3.468965796767985;
0.5960218967472328;1.753949756127728;
3.152792568570294;3.859086068427895;
2.584651520444094;3.4866191576443373;
1.032931566009623;0.9727371965315781;
3.4553976300947;2.7573750505013557;
1.2932435280680494;1.5040966107429243;
0.6487275377319006;2.49356806348673;
1.3788753438787043;0.508922000496455;
1.1247100055883985;3.8234953785552923;
3.4639748226532423;2.4664900495639603;
1.2745599453286038;0.9383529277622695;
2.397420193779578;2.7412170992412332;
1.9835633966013746;0.3795110960493522;
1.636910158683881;2.028571420903254;
1.3309914700052587;0.4043284651675181;
0.4853974710166744;1.0422505820271137;
2.760760564123368;2.3888913748337903;
3.7373005207203036;2.262584376355291;
-0.07963643480805377;1.6718715814093037;
2.4010131941586215;1.5197400606933162;
1.744989415571899;1.3301152427485419;
2.4889398986390545;0.529540664406432;
1.758774238957424;-0.3963677764638124;
2.4566124222652586;0.7345752744747123;
3.975763605624638;2.5553263217699587;
0.22840528992391962;0.928763472356358;
2.2094414778532037;3.0591111608161037;
-0.13105418844884276;0.1596542231308724;
2.5415728881745854;-0.14102117715923745;
-0.15347570796338145;2.3094733817082664;
1.6586270106390204;2.2311435034994878;
2.9876394284199943;2.5533006843798236;
2.237193646744909;-0.2884472250858815;
3.6402736835886786;3.080744097323147;
3.5485728257376143;0.42186577774261;
-0.2524271982289991;-0.45390907866160723;
-0.04288539278056802;1.2384175553901289;
-0.016687456089725772;1.1811574072749358;
1.006903811803679;3.400744928171467;
0.8158674649782829;1.3649178047661765;
3.827029601912952;1.1489206601196396;
-0.1516481990050214;0.19448409784291876;
3.1369494381690695;0.11224689872288662;
2.029188522928505;3.2431212622262198;
3.200351617702296;3.945781216012633;
1.8395641932751867;2.222719844719219;
0.1584384145185549;1.1257236661573902;
1.8420643443648146;0.1905118372721062;
0.7717005672117194;0.8698645374014655;
