1000;3;
1.1649094743692283;0.9910381261129245;2.5949791399914237;
1.0711088675892217;1.0429469175887984;2.8431049239760893;
1.6647349914419303;1.330178872337583;2.65077616684397;
1.1062791558605336;0.9974057586075487;2.355134665248409;
1.6625932242767072;1.4246440250979329;2.5075230607910965;
1.3652434712922805;1.0697110371824747;2.685069669219052;
1.7167601439636475;1.1390050039191093;2.5810737813449567;
1.6960949642912255;1.2181429399689598;2.39228542884897;
1.0708572816321869;0.9354688887019316;2.7074701703689548;
1.6620065339806558;1.0202615268466624;2.671658197986318;
1.7250757694193102;0.5478991304616835;2.533949471500864;
1.5842845511167685;1.3407049950125909;2.9012559589012468;
1.4786274959891879;1.4273518206068947;2.691296933840462;
0.9099351815910531;0.7926627975301148;2.8330816487514974;
1.4336012794696325;1.0012147555953135;2.773084838246217;
0.9837686369541294;0.8117859404957501;2.639333261815068;
1.5124371112503694;0.7139181993430413;2.860652481274245;
1.4846809536851786;1.1504127446069876;2.8254695095070748;
1.665546697637553;1.3963071990145275;2.3563229358526914;
1.0672624922578355;1.1784497808158663;2.640814007061237;
1.3415460076103212;1.160005012332578;2.525573425652396;
1.461647952656934;1.142803479853589;3.115386381864257;
1.477282258312324;1.0959122987460148;2.933082803189255;
1.2196136642467361;1.086409187833675;2.6011164614358138;
1.807804734360029;0.7368249801799518;2.4102830632334564;
1.5988368854559578;1.0945521172144388;2.7957525429036547;
1.5161507036831756;1.1938609208988036;2.5964491755741093;
1.575290679715319;0.8497031795953733;2.4518344131299035;
1.3688090079406836;1.039125255185536;2.4328592963648794;
1.232886527690882;1.0561265232728534;2.514862623765282;
1.3131716572740444;0.9793635974881685;2.52366422640058;
1.4135799872696602;1.194085776834311;2.618590808905215;
1.3436299434351706;0.72183466084131;2.8333845801008373;
1.4140756465176536;1.148713567727152;2.2690124653840966;
1.1674930992407073;1.0184853051382348;2.521381779561961;
1.290326264374521;1.1881241330964614;2.9395159925891954;
1.2485611657591313;0.7425745455226838;2.285528793296482;
1.3291382743078528;1.4573385558533887;2.2597223989173334;
1.091553665023145;1.074671568180994;2.6866583895024343;
2.0877101198127948;1.0422185095481016;2.232681845791262;
1.228078728121453;0.8656759852758666;2.619518186346375;
1.5797861441581926;0.8454784088960576;2.0970808973563755;
1.4586705858206774;1.1331425417317824;2.2241545405259875;
1.346239367840514;1.0951764232461119;2.4708271336738563;
1.6433317082072432;0.6873928486578456;2.3509240171646515;
1.4341814975772555;1.0600777936193486;2.2869919793091427;
1.772374046380446;1.1677409028628554;2.4810244310560625;
1.8904193781241276;1.136766717516463;2.163236699225373;
1.2145032247644971;0.9401807839680669;2.4673937087549564;
1.8056737884215024;0.9412941429713337;2.679644427220059;
1.4083015902705633;0.9338153250720895;2.734508183675666;
1.1954938008917861;1.3140406136375322;2.534670104291794;
1.5034418729761776;1.0348466814315738;2.2158200367858853;
1.2669172937807553;1.2537908887532432;2.5719318783303575;
1.4415981298072076;1.1740456048876702;2.4576881087617313;
1.5014963067006986;1.0678439792839387;2.6648224791987953;
1.57145015046654;0.7715568412919465;2.4886709838719683;
1.394497567047437;1.395758851893267;2.5317460108777077;
1.343106331023293;1.1104145264247234;2.501479730180942;
1.517553299011887;1.3712682591169005;2.6302021516585397;
1.389028023926912;1.3516438944342257;2.750739852441985;
1.2442980857957668;1.1130492205851423;2.2708065277260387;
1.2534793881976474;0.8414402339447972;2.3990158502855667;
1.7587079997080854;1.2737460726618635;2.6260407949937337;
1.3811410152620327;1.08205707565965;2.6430823930284664;
1.668900304631343;1.2906701112130863;2.3595124239114633;
1.1801083734034727;1.2384102432244566;2.405355437503649;
1.6025263496200315;1.3080596332446794;2.5964428662575587;
1.2333900654190715;1.4129331442246487;2.6779740523310394;
1.6050423652168042;0.6443098608461069;2.6096127916848935;
1.3338668490233343;0.965006330327467;2.7392833464513657;
1.565046729435537;0.9197242172794504;2.3952857021657294;
1.4333419023945633;0.9873274409176963;2.777036574081708;
0.9045181934899031;1.266446368162867;2.9533425605751877;
1.458297217209065;0.9354392586821092;2.6908108323312465;
1.5109436309065893;0.863585304025468;2.774654670338433;
1.2635676965250744;1.1980315100854657;2.410629766637615;
1.5933085092906487;1.1096527815781427;2.564998220314364;
1.701081076511993;1.4462543704261175;2.6857185615619503;
1.4803775212474812;0.988053324763555;2.4958645841701435;
1.4675126447035844;1.0337041288278108;2.6868083052442286;
1.610641703324997;0.8944881450530128;2.5415882739469104;
1.3325965468930083;0.832409389813003;2.5498863536502374;
1.295569900801304;1.108289620708674;2.1766567177562974;
1.5496155463806942;1.277683198088082;2.5489420065228567;
1.5400481822771246;0.9472353356845498;2.807266830696583;
1.5780955849629523;0.903730954008883;2.6526157665743266;
1.3319827991369657;1.0707333172123803;2.383558250023075;
1.0361536831498288;0.72191834579112;2.494547022789578;
1.5025304421837002;0.9115823781320633;2.491157067647554;
1.5916146109219105;0.9569779907090201;2.6806215892075835;
1.4523298672889986;0.7997013974288294;2.6778138853115365;
1.319714038737351;0.8994559575489937;2.8923726452171024;
1.546583721487297;1.1472949331597193;2.7428584159903195;
1.8030553562756746;1.479637646802157;2.6510792315186724;
1.2414643565719925;1.467419140670461;2.5649520673152164;
1.4240796488746643;0.7527134658603807;2.96021900507947;
1.5530546561894825;1.4967906831314783;2.3897549296716907;
1.4939259107890852;1.10474196019422;2.791154823584848;
1.220074929826459;0.8933432482064512;2.589768359755759;
1.3678326435796166;1.1482112759491692;2.530264384996009;
1.378438645817853;0.8307261361674796;2.6353646289787567;
1.3803787882734218;1.3899729366638602;2.7720227761911325;
1.298972498421133;1.1841482659500673;2.9333429454793207;
1.5036254022234374;1.154659187356062;2.487102613125191;
1.1042615864156864;0.9518361942453254;2.5644847876774897;
1.1007415243505747;1.545666380137775;2.399676147211932;
1.651560367884744;0.6610950251346717;2.265167794426378;
1.042160646320814;0.8925336303073446;2.5258135507437682;
1.566542998898115;1.0114803303451805;2.7418504131312624;
1.4017179240762763;1.1026964143746267;2.806055897566247;
1.4876958269112304;0.9521280634353495;2.483205809027845;
1.6160680188780665;1.1256123584612499;2.341733892170261;
1.4793937324367052;1.3797838682916452;2.8275968775448095;
1.1960710143030984;1.156347443415589;2.7092108616331703;
1.1539673992507131;1.2002730366253986;2.786550436180076;
1.0580418597219605;1.4890673240492178;2.6016706624665695;
1.4014341351408737;1.3596203171683356;2.3346422417235653;
1.383659516515833;0.9786828205863539;2.8385763914797177;
1.6310701915807637;1.2399219599897706;2.9252467550768215;
1.5175426552480582;1.0087923673486658;2.7956983774696833;
1.4924124594445374;0.9704533503362285;2.9563281826339898;
1.5129733588630758;1.1168226439604478;2.840165300604749;
1.2186399089026543;1.0656708202242298;2.5018604940843208;
1.2923859620276537;1.0608225562893383;2.702837874154376;
1.5163240723034819;1.442599374130742;2.8890943845512425;
1.2160004928111263;1.0820774439069913;2.7449801970333634;
1.2535586590810484;1.2496058436529964;2.5705156688691946;
1.4114037245842457;0.9421153153628283;2.60091771433282;
1.4453044658820635;0.7878134341320673;2.8505898411072113;
1.3834935458738056;1.161119973155853;2.598273573666361;
1.2354967327352688;1.2684932863132363;2.4962469643530127;
1.0781944991468;1.0733195738647536;2.6366424984874746;
1.5151602157379933;1.4350606268041735;2.615746545434972;
1.4161423529397565;1.1897752088883111;2.828222099779202;
1.226985055560793;1.0861887169186384;2.6706399916048857;
1.593865291457589;1.0734914794317334;2.561346398640612;
1.5358943451269993;1.0449047739379302;2.2718241001655297;
1.0649843579857852;0.9468738517725612;2.845572060677139;
1.364746974181731;1.195450912774305;2.535689812084774;
1.6147651236303557;1.2427768339868215;2.7423373830389526;
1.6587083388612727;1.5101969669149813;2.5937264249351166;
1.1666693849413798;1.0141198493364536;2.522282427196826;
1.1294919360430535;1.0628833669444244;2.643298619720482;
1.7189506386720477;0.8866490507290457;2.823547172102412;
1.7365883145547703;0.9036806768217112;2.7033666879119282;
1.558413956443711;1.3257486861475023;2.3325202982580233;
1.7306284023375376;1.3383945763423861;2.5636356951631445;
1.2619736232139362;1.1482637015382686;2.3675045587791845;
1.4281382192257337;1.0667297789951606;3.0637197915776966;
1.6507790387181196;1.3611929100826914;2.437687262935977;
1.6579855209124175;1.2806615787086064;2.604034639521754;
1.0952585828739068;1.2580852986102935;2.340382764776672;
1.5584389186031715;0.8331306697026912;2.418181460910579;
1.4794488592816066;1.204743555284527;2.441012770248831;
1.4764341896481892;1.040942901217058;2.6838229927100876;
1.2902536693956823;0.6616349836601055;2.7528879457740736;
1.4621085972404249;1.2693333038369827;2.6435876760564994;
1.3517755934526565;1.1626924214301706;2.90994310807165;
1.6241406843521329;0.9773372310691703;2.521490248824373;
1.6472523405034991;0.9699381412738262;2.410361204323891;
2.0186375776313583;1.0814652352426355;2.8292234612605314;
1.4183143694616616;0.9583883913169563;2.4858673324556073;
1.4596416848795843;1.1734699753755784;2.92203785103086;
1.2293004190284382;1.2217594375934726;2.644661326078812;
1.7570111956804064;1.0415876960206532;2.651221641908692;
1.3945012549386513;0.7471937411155749;2.609778842286072;
1.539049832969352;0.565820590753251;2.653505628467518;
1.1608403140732189;1.1852446633615752;2.7469266420537157;
1.2385514464349807;1.0438600549458008;2.8330243957895114;
1.5640964537399995;1.0377369274847592;2.9714668015562897;
1.077424073746528;0.8837136169675045;2.7237171320903415;
1.761794182952617;1.5210546943000933;2.5180664869314047;
1.4709956899538659;0.9978922373438539;2.9040953928725535;
1.4303480772647759;1.3139126659622633;2.466461369306196;
1.5713927068101996;0.904041352413147;2.2197338887153912;
1.0009662330741873;0.9253489206705443;2.969216191786329;
1.2551098479625695;1.1670687310984968;2.5202263539491367;
1.399338119456057;1.1322427131928776;2.728209877596202;
1.392849822956017;1.0712426451843076;2.8027432060799637;
1.6852152366529367;1.0073741726665255;2.394494660540271;
1.1157473499115245;1.1890816561056627;2.539489104952729;
1.583002589869892;1.308540850426961;2.480746518438276;
1.4724379083614152;0.7410099126097311;2.4805251979428804;
1.6415041991838792;1.1807792590102868;2.553778116712924;
1.2703088664505293;1.0775896448339506;2.835672663925617;
1.6542885699492997;1.1200075219489978;2.4986193411023536;
1.0714097801493132;1.2144988399671957;2.7620885530402646;
1.1213241435882488;0.9919148298990861;2.4322879014075425;
1.0766084433498706;1.2170381778348092;2.5517779945192554;
1.6617978112527756;1.2177830869798716;2.5680672485792306;
1.5113506472589917;1.1326678872774134;2.61521812731795;
1.401440980902393;0.798772292156781;2.814987091870865;
1.2452464146438416;0.809738714669301;2.3603510301792388;
1.2721312959594;1.0249547828022327;2.5485708407600143;
1.1776896090579163;0.9678095310426;2.9665110043639924;
1.6396529829988133;0.7529632419589714;2.7177186369631974;
1.427328056137348;1.0581438841046331;2.604128346984983;
1.423248872252285;0.999972236486901;2.5152679582029056;
1.3677013210252738;1.0990470274943123;2.617779871472342;
1.4920414030351843;1.2842765769237576;2.364559865164329;
1.4454951251587753;1.2186290965292457;2.3066625247684702;
1.5990762001360717;0.8006131707107659;2.626573464644079;
1.4841586047650297;0.8147083897443241;2.189279682009289;
1.5098506135860061;1.2138343562721061;2.7007677585920904;
1.3495079638334113;1.1662136793129956;2.460950812125023;
1.4578318409841275;1.2408015895126279;3.0971935209691672;
1.5209688819582408;0.6515625898286532;2.6667863890400834;
1.6449728313508916;0.9579473754007063;2.4379476899429804;
1.108944121712884;0.5734087961010946;2.9999846690809306;
1.258733795842716;0.7077183431530505;2.58176284006342;
1.500081813906669;1.0876146732693526;2.6209129078933775;
1.8444965574852503;1.2066438258205017;2.6912603339998276;
1.4072624026097695;0.7111453809510002;2.466863488733749;
1.4708294351417455;0.8702023100019834;2.8466874456520173;
1.2798221011811353;1.1987979399361637;2.790489005356631;
1.6742581881940501;1.2186331173092857;2.2679691639641812;
1.2748797429660512;1.2614620174433167;2.892510985225785;
1.3221700405861632;0.8818053021270031;2.666388834721547;
1.2466591719561002;1.0541606089451856;2.785210867178587;
1.7864009082336445;1.1314637472122078;2.034768133151492;
1.326433102286971;1.1841481778747032;2.458531486520809;
1.3426689950981647;1.215382156825046;2.5011920825434673;
1.3562481295538669;0.6686393525337868;2.6768620069375717;
1.4913269601400667;0.9956148094363271;2.5465589159718722;
0.9813045342690201;1.0104744824965137;2.4658990154056397;
1.7228320101539853;0.9882411817942299;2.2965881181285592;
1.463085270788903;1.1321913439458298;2.6336625044027397;
1.120563954811347;1.1207951756721117;2.567203153098206;
1.836640106853447;1.1499931179448095;2.783697399272829;
1.6262121982682982;1.1653497835890918;2.594143820484271;
1.4381347555050001;0.9657869026433078;2.529830950119378;
1.5322262900827341;0.7777225191519463;3.053754139497026;
1.3763309137104387;1.1782178544690909;2.7697680047083733;
1.3274418856352819;1.3171360441326951;2.3815577385289606;
1.620144076159116;1.1711829448711502;2.3156859538731274;
1.262512690123906;1.1653865795160634;2.567278964464615;
1.5911924339674761;1.0616359410810974;2.3720622617875846;
1.1581184116798666;1.1465935115786485;2.579088171551799;
1.4205716806918165;0.8421452230928859;2.5611865248126264;
1.2867730353303555;1.5051209286470877;2.746115330956794;
1.2275538201694014;1.1109577811765905;2.3862297933143926;
1.3923808226790166;1.1067892102589687;2.7587922617883835;
1.2201345896104034;1.162076352364336;2.828993286762113;
1.274624421702414;0.8436383846620539;2.61243435121698;
1.8367517024525157;0.9513838873831708;2.56598420678242;
1.5246827838194497;1.0224460600431162;2.6591776231539046;
1.6466746711524534;1.3068752406952948;2.601158232567205;
1.4725956173446118;1.286332425520691;2.9779614623465247;
1.5581657223719945;1.2130010881116813;2.5838403710833235;
1.4316718442319896;1.167732385961618;2.3981310228545576;
1.2634786081743232;1.3007617372546914;2.696074915955087;
1.6274054643587659;1.283565012301915;2.7613568128031325;
1.5162727118357593;1.2986358539847693;2.7771708527032075;
1.2295658821706401;0.9981101312490561;2.5256645058567324;
1.3980094831036618;1.0597353769690898;2.46578438588195;
1.5275161042738017;0.8637052550363525;2.961113892400103;
1.3699066890541882;1.1272834186648986;2.7100807470441444;
1.2516793673211317;0.8987583558035981;2.442637214576206;
1.433419804274104;1.1939531931451999;2.50252620821868;
1.500728871882738;0.7435631003979452;2.6597353866310542;
1.1475448587359236;1.0861826305878235;2.3117080231913496;
1.3770361261266013;1.3216343728570679;2.6804685949059635;
1.4460452217494026;1.2203212949510807;2.5343816244510564;
1.1466032261821286;1.3839285421801815;2.6063505887803986;
1.4616204475792016;1.0778069494790556;2.9326849975760823;
1.7211651742143697;1.080475977370748;2.7109862319294376;
1.2411401389090053;1.0889035589078455;3.033959096539434;
1.222404561231748;1.3652696977275487;2.2848829578203147;
1.1988214576533143;1.489294071403225;2.604268590106558;
1.1473029187259602;0.947685428659324;2.3998147373486014;
1.274238756051872;0.841930601038223;2.543785715064377;
1.1868245221176552;0.9151291695630643;2.6603456211776404;
1.2455672780569482;1.0823289126568192;2.8331951789877623;
1.3482183929279126;0.8410746376573215;2.904589470538296;
1.4991018823667404;1.079632142864073;2.814350709826007;
1.4290768858796128;1.3093693733183231;2.141748850993463;
1.4175387530803036;1.3783762358855576;2.737747330755965;
1.4180952124292108;0.787242402042602;2.7864567661145747;
1.806937335049494;0.9977769141304307;2.318355957449273;
1.141409664077898;0.9093713751882286;2.7027748270719703;
1.5004429246333406;1.2316178684337935;2.294330611916768;
1.4915338243417093;0.7136378824355754;2.495352590563631;
1.5266703903530832;1.3330081689767261;2.5073140207990274;
1.3607772676821106;1.2080444701556425;3.013837945644071;
1.481987583025986;1.0657383357361532;2.877612087672141;
1.8209213982770363;1.0555803916730826;2.2762159715095054;
1.3744395524885542;1.3179068773950762;2.3519308649681028;
1.565307102316179;0.8290206348825925;2.4072257334474254;
1.736819105131604;1.2444618982083955;2.7150353618395062;
1.1656218345356837;0.825251523856522;2.5964435227829856;
1.4940857541875054;1.1187883476576042;2.8172228768326395;
1.366450766240216;1.1985575674248674;2.584838487309023;
1.4657888404442585;1.2435300612770908;2.5909718078794306;
1.336536931822801;1.2855254557598026;2.945765666421702;
1.7156327684688553;1.3099353767163178;2.668819140648063;
1.2355912665199407;1.1555378505004135;2.5848907514456037;
1.615221176193514;1.2202682794355695;2.4335984230449244;
1.4183677153049021;0.7957424699825233;2.419292310928722;
1.366319368378535;1.474657549969202;2.7045223399537783;
1.6982073979552377;1.254237381383395;2.478509659005128;
1.4989215490687355;0.6861617323389273;2.7566525168360214;
1.6986188776436355;1.2104408534791733;2.5794836631100284;
1.385061806049397;1.3266435987794472;2.675032213371378;
1.6504164681899542;1.3550329108497712;2.3001559953878177;
1.7037878769105368;1.2851510251855651;2.6952429186142806;
1.1835756809546156;1.2886083586331574;2.7918574612005576;
1.4210991097625616;1.1290630815387188;2.1486334361915587;
1.2837159636624793;1.342434848729675;2.6377643985183217;
1.2857673699405145;0.9500811623297284;2.844440562593501;
1.559467247075222;1.3462157170609084;2.060416497977086;
2.1083842131340953;1.1119129215489365;2.885769396046706;
1.2877729748105713;0.8641395813971036;2.641357478500996;
1.1668502432427104;0.9393599734096871;2.577401634996483;
1.4010228039072148;1.0296432415507768;2.2818709727207875;
1.4917546980166556;0.8153799980759846;2.52486566231922;
1.1522650181308165;0.8861955379254418;2.7876156549924076;
1.424163236969383;0.951623242299641;2.785586615753086;
1.4184909228429121;1.1830561846947398;2.9604886261456973;
1.779048368934121;1.1534998873458957;2.211660880034555;
1.631376944182273;1.2364786385126045;2.7618375498083414;
1.3717834995167266;0.6301021515281158;2.490637100141025;
1.327524945423736;1.1844271819054693;2.374029036571706;
1.3693363249345225;1.1556814532042374;3.077737361081665;
1.3996846274599122;1.107993859176593;2.6635335815053485;
1.532535491928199;0.911951019605724;2.572544798471117;
1.474922809025118;1.200999878092814;2.99568053929121;
1.571709573862247;1.0927417356096223;2.836491666113116;
1.6102325009370848;0.9688352176124848;2.772719569018011;
1.7498780235199207;1.1418451955692086;2.66786307946816;
1.3456149400526063;1.249875362944985;2.21683087916947;
1.2876999227787014;0.8291698542986932;2.7152536593290884;
1.5402274589599572;0.8382265016323538;2.44927788232872;
1.5230071311088202;0.8829990575765487;2.303825345210953;
1.2525027912632236;0.7377486708880591;2.530366658034173;
1.401190851274437;1.2748677796019363;2.663750590284703;
1.4928348589721057;1.2475962442215458;2.4176289982797927;
1.2342219613452854;1.0146310185383531;2.4589711512682153;
1.1768226320917556;1.2601758782405856;2.352695478138895;
1.4891910264370127;1.0391084174589282;2.229294927907371;
1.243170236021211;0.7021637824603217;2.5299173728322457;
1.7777568591136146;1.2354264377331978;2.9788219595740184;
1.6239286271357758;1.4491690086370532;2.3560210476452945;
1.4164251525330926;0.8958196509714103;2.6370368212306325;
1.5507617667778641;0.8222699829271385;2.924809936185844;
1.5837506952739173;1.5252821520747841;2.869901341429251;
1.396816729995542;1.2533819066987097;2.532133920416672;
1.5941608378652032;0.9910167161043041;2.445934601211338;
1.2486701568080967;1.3066704352066403;2.4979185406152493;
1.1076148917873545;1.303417866637138;2.543320444771702;
1.029614159281767;0.9584941912656503;2.680750409568371;
1.4017486673468427;1.1032044228083877;2.305851652554953;
1.2722507216045849;0.7326779521485929;2.319323486105242;
1.02618005664394;0.8461605961918318;2.3669623592139324;
1.3997459182058098;1.3576795736724478;2.286457009613998;
1.0101361377153328;1.1232734484941793;2.5717743813679133;
1.2876201037766501;0.8580740149142158;2.8062666875931432;
1.3231883595079508;1.009429078007224;2.2681879200022985;
1.47211663051955;0.8588242629365819;2.5260186106255897;
1.5428433025843868;1.2724450861534256;2.85411486410661;
1.3514019005013225;1.0974489500431202;2.531478000271853;
1.3526639270257452;1.3671512334900962;2.7669096449447506;
1.0426591883781893;2.682860427548831;1.426081674754469;
1.2486201240360053;2.7025648959970194;2.018493498233732;
0.9057676232398598;2.977842526665141;1.324452993255292;
1.2515277801849767;3.235275631438987;1.5311563940948856;
0.9927270211590857;2.234012982514486;1.4591437845831656;
1.1532920507529834;2.4464258060892683;1.4224050469264538;
0.9002932504470307;3.0547074573900543;1.4343535061407995;
1.1074542115864172;2.409169324797158;1.573035722097742;
1.576607441300522;2.593685710704079;1.5689506738547918;
1.2562323920878407;2.6177529158644277;1.6349548164616945;
1.2095317953614153;2.9549266216754346;1.514501242940679;
1.058151910291497;3.076393684721692;1.2500355854346643;
0.8220923660972324;2.454341868877523;1.5924733021928157;
0.7945270750239435;2.738218069579236;1.885855363377292;
1.1342773601819995;2.8036525620794026;1.3637642103929517;
1.2961222243511634;2.779507861679365;1.4135049325715796;
0.9938375284507235;2.7912784325823465;2.0127468193640867;
1.204392083368664;2.50247105234259;1.6412593544724878;
0.8819282158158529;3.020687646353228;1.148676562341122;
0.8585181357790294;2.6519210795165016;1.486394004200551;
1.0898770090085914;2.5345273510152406;1.4726294391899302;
0.9688360260123294;2.668267692489551;1.6145004820174287;
0.9412369362742745;2.7695546585669457;1.082349680916819;
1.157365840248482;2.7798433024647626;1.9622483865759426;
0.8294640247570295;2.489756888960888;1.3855702982300353;
0.9468170794567636;2.515409948858778;1.0680547699473728;
1.1552413101738808;2.7367281513701855;1.5191884377869582;
0.98128811023368;2.4695864465597426;1.4929652051540827;
1.061103091096675;2.4019293274246873;1.6823882020301981;
0.9497474140900455;2.306025150824102;1.5064585494057947;
1.1003626501599884;2.6180737430645435;1.6203966338369202;
1.0264643983640422;2.675675952427953;1.5197846381865092;
1.3844711124296647;3.0963579343038696;1.6435044399230359;
0.9292011277895171;2.5915136955557854;1.7402996504113268;
1.0302964318926364;2.569264976666807;1.599874643323489;
1.138698701175448;2.3437590528727084;1.410663293182913;
0.8367621517663942;2.4081364258419518;1.1454351450489761;
1.0101965043608225;2.804162732533083;1.6431031206696676;
0.952137186639639;2.6008341357231926;1.3537087240752654;
0.9383669637706744;2.57545948771669;1.7019460776860558;
1.0375235687096016;2.4508757752549934;1.572408662143858;
0.8048450982671118;2.4744868533127358;1.5490433649175048;
1.4771842165267572;2.7551996852813514;1.740535204136882;
0.9650887326220418;2.5215666928056986;1.6020873941751945;
1.0415182286901232;3.1195288255291747;1.9572598441061437;
1.1855244395051563;2.426655462574349;1.6486400557392638;
1.0365362927212993;2.9896350450972466;1.2214111489217307;
1.1051353146990055;2.4579085639881733;1.5018665344076778;
0.9152969519544945;2.605725032122174;1.5039066815432094;
0.804716437765271;2.5690890708405716;1.2111112729417397;
1.0167883548900296;2.8655286869708516;1.5838038970210135;
1.2301461158071516;2.3638804131542566;1.4466638751925334;
1.2024806678062319;2.6613630580294427;1.5310132644211378;
0.8378318416630052;2.71867191819327;1.493938110289317;
0.8423634998121244;2.5293384464589455;1.68905268019557;
1.3123817251077645;2.6641815489099203;1.5563328610017453;
1.1051640936051863;2.517360189852128;1.6274148833130844;
1.2884659588719787;2.7249652481107853;1.3930548207023283;
0.8920279199687088;2.0731904593231842;1.6119598712621963;
1.3604302048464125;2.665005827642171;1.6308009067553553;
1.0110048607089026;2.4281916321815307;1.4990807151810273;
1.1728103828453453;2.6568874925610384;1.5338224970364636;
1.291544858780851;2.773487116301157;1.6592019267039848;
0.9187801499355457;2.4322609298665325;1.3702202316858685;
1.0552755575389055;2.615926278800964;1.235338877244423;
0.7632891556387007;2.460944329527993;1.8313930810136332;
1.0371918392384862;2.668288485519066;1.7086933772572144;
0.9536822800419502;2.7578514332985478;1.4565764423107517;
1.2583811606983268;2.687346088302747;1.5665904863270044;
0.9212640888371727;2.4243432424281575;1.4889782176003148;
0.8970575576595037;2.6994718248906695;1.504349410003674;
0.9177374165538845;2.470541672890047;1.6369354615146843;
0.7188466968547886;2.638778415720335;1.4736771020756112;
0.9921716343672927;2.3120643306361304;1.3797336122383943;
0.882834531364543;2.1666781139741276;1.4332826340448803;
0.9990627088155289;2.626710228247327;1.247716403918871;
0.810586690309675;2.478497938527157;1.772804646459832;
0.723380263696048;2.472636361568816;1.54802266211281;
0.8508365526568424;2.5847631829575213;1.9700513764036252;
1.085565501664562;2.7414417022458224;1.4289072691063347;
1.2239694006297621;2.5889930741033513;1.6083604338835775;
1.2795488251901264;2.243427424325556;1.4046091088682329;
1.0025195317324753;2.7001306457766105;1.7145114035084328;
1.2692362742336147;2.655437549099321;1.2203581925270037;
0.8057440171822097;3.1099106220101667;1.7576610760920093;
0.8435972321698183;2.322757365502117;1.2766221737212269;
0.948505126461629;2.6738825455659114;1.5214235480372014;
1.1063133163812569;2.413636137776876;1.856100419988385;
0.9717814729854789;2.7535622670255244;1.3255040356506642;
1.2919864828135343;2.70421354515825;1.4123508905028115;
0.6407342030939709;2.396229266755243;1.454648034445883;
1.0620618102307704;2.565395718451883;1.7677724612036105;
0.8327421912976809;2.8743966948696844;1.7548568465275667;
1.3693917654666392;2.6810306397465644;1.8474380691949415;
1.0562526422078247;3.040136268955772;1.781475609717834;
1.3913265643405386;2.9845371171638186;1.937070476702091;
0.9489707033761423;2.5925459934857344;1.3175001488413003;
0.9991837937636536;2.418256025650927;1.8962032405990459;
1.1357829853852726;2.8276167757287847;1.5701102325910778;
0.9949391758702585;2.970733016930133;1.6093288176971754;
0.9435324212356042;2.3832134836446714;1.4952073991556871;
1.2513406267436582;2.6498856522057816;1.1108005288550082;
1.1435974596285332;2.8506777573870936;1.7513303622853837;
0.9705009520511334;2.4735248097684135;1.163807607502955;
1.160380759804385;2.655373188469734;1.4956510267740921;
1.1096009539349154;2.913214657325005;1.3117638950628887;
0.9150367227300265;2.604613715911813;1.7627986445958035;
1.1934767486179845;2.5543393889365875;1.4416128899722467;
1.0345822169613599;2.360671218580722;1.5589072145455023;
0.8047941994561895;2.3983225713263834;1.5900882672448589;
1.2867968358950472;2.6041735685060026;1.4083738863729032;
1.0779703509857421;2.5931925876520117;1.664570912929832;
0.9966446208971532;3.0330202928679184;1.4012307238123276;
0.8875665935958736;2.550062987847155;1.630062129259758;
1.0792961841547024;2.5294971625036937;1.8616529848700205;
0.9175298233088073;2.656197827547047;1.6012443187254946;
0.8469161066058599;2.421389516448335;1.5355609452106636;
0.9903968116720474;2.6561006295226584;1.5168892320920584;
0.6428956659592724;2.826414166334417;1.4477763984213687;
0.869260044272828;2.5005735316419613;1.853619824637292;
0.8925937519958879;3.245796477010413;1.6210732312811023;
0.778390230210756;2.586366224360759;1.6235402652325728;
0.8783446938757122;2.596590002719435;1.434610938969253;
1.2213164910007535;2.507374448667925;1.2964265199505896;
1.1416762741098947;2.2762983324330843;1.2849691606460778;
0.9235783475273844;2.4369360028487748;1.7436240087494754;
1.4468714366701991;2.6792192877118715;1.3726881086544456;
1.2198758130826426;2.691388170342327;1.743863157568476;
1.0603792772760603;2.742298141962395;1.6304891692969719;
0.849315628520315;2.352286143834684;1.4333949948511695;
1.1289055462957485;2.6885776967588555;1.3006189417342462;
1.2471868902241088;2.4430538833251605;1.335757123681354;
1.4271163516733916;2.6224188165083464;1.5479217026247227;
0.8334322129476093;3.006047927260595;1.4651824850245128;
1.4169699592088145;2.4887327218512745;1.5648893771593317;
0.9046961934941755;2.864919529595525;1.6150055006097668;
0.8036906681117066;2.2974613508761115;1.437754108336567;
1.0565851145185627;2.375922130644688;1.0882993836130441;
1.0726905601568126;2.5324530194099664;1.2595135115381502;
0.9791267239346628;2.966901897961055;1.353089522236398;
1.0878433958306486;2.584286684305045;1.7887475742564656;
1.301550402129725;2.631165755374365;1.7176824594800177;
1.0490695604638038;2.618429633715198;1.6657499513804304;
1.0692591028888778;2.1863659634464505;1.7395065577083892;
1.533066765103075;2.5618357498659967;1.8069183824324542;
1.062892192352355;2.4418081537631697;1.342045143487873;
0.7441275948305222;2.3779916195612882;1.4974995477399016;
1.2256476261219256;2.615307284515856;1.5491410732412498;
1.1491118627717911;2.7806822833176623;1.196492967603442;
1.027651872072564;2.402427225330319;1.1687721645778961;
0.8187613408524974;2.4343064496655153;1.6603597919817106;
0.9089599372927868;2.620247103914949;1.4729305631814131;
0.7369158219590289;2.728358538940748;1.4586863880180583;
1.224148755214051;2.5182157322056633;1.7085403872030054;
0.8296775564767447;2.6557014333792774;1.8348258040658967;
1.164720634097856;2.4926460294953108;1.5716716614396342;
0.956853298970201;2.7708696805015522;1.8865303438843204;
0.9332595139932908;2.5153851229755424;1.348017229189416;
0.8543943691252782;2.531631128656342;1.6487634566869624;
1.3637715400578085;2.927878350604312;1.647670357440994;
0.9657068451867423;2.652648485016572;1.531605565505321;
1.010532142538284;2.5398945724560757;1.7691823486582527;
1.015382256357843;2.682186454041206;2.082423355112731;
1.2605756516134687;2.7787909927364867;1.4474847777850364;
1.0588345057574844;2.6632592304160694;1.1988762483098618;
0.8896304654810784;2.7406491772671;1.7356000056066136;
1.180593695168027;2.392560677337758;1.6743077129428021;
0.9523256901162773;2.8056024179197827;1.6915290257875122;
1.2267246743067364;2.353296845488303;1.7483833745984645;
0.9425854696507725;2.7554502706095296;1.7200615308833729;
1.0199677486649876;2.430676822436229;1.4926190785666302;
1.1976559913453486;2.6570276373710486;1.8797579988669813;
0.6241560417672356;2.625624085728602;1.4296095539678313;
1.239146949897644;2.7459485761268443;1.3808273500188242;
1.236335101363126;2.6438188987316096;1.7537741410603345;
1.1145950310868888;2.749980067112654;1.4588020167005868;
0.9892401214234917;2.460092383215985;1.662386297034889;
1.247874259268936;2.65628111984367;1.7373132555476816;
1.0757595304066487;2.722872588417799;1.757293268636246;
1.0536103082269446;2.389257070153471;1.6566878842811803;
0.8749570875911689;2.529623172313676;1.2307204383906956;
1.389395632207234;2.6156090755561565;1.7183079361060938;
0.8454847180103151;2.6369824662011294;1.5807876434032948;
0.5908811309758764;2.3417784886773227;1.804893433726075;
0.9082567698969282;2.513867349425936;1.4836262656041985;
1.2307596203974505;2.5879897260175744;1.6510223180719197;
1.0096991743294632;2.9217254718493324;1.7037728614805592;
1.0711934219794557;2.853099169499258;1.6270880215263186;
0.985519072912934;2.8316679144108257;1.7632946665320555;
1.002422208656153;2.5690254271363364;1.5349059586424227;
1.4099583226981875;2.65949450523877;1.0351310057673289;
1.1379620339920573;2.8514621990043896;1.5683927297590405;
0.8337376249602638;2.591474515116128;1.358645166444504;
1.0273008596520532;2.4714063326698903;1.787723328177703;
1.0549503178454303;2.7422786083970707;1.6368086626760783;
1.0177901946508072;2.206914228842881;2.097369536114229;
0.8805402620789405;2.7644671902298827;1.394172003028457;
1.2445559734748026;2.82833548724671;1.391552635349247;
1.1062062748646475;2.410239460749501;1.4771087719387763;
1.6389725596803197;2.741797398532643;1.4229219277740222;
1.5550174914344455;2.580950320802396;1.7331525028557693;
1.0097621097595166;2.6088813720002104;1.5407799636799668;
1.0007759387143802;2.618204822405221;1.3082395826164825;
1.4084911278802643;2.789427388150434;1.4768243025886798;
0.9637505024612841;2.4386262904904767;1.4325064412938255;
1.0536864007210605;2.5809572766398787;1.3206616472242299;
1.141890769201683;3.0017468997919297;1.3753761438448828;
1.2368910479474304;2.6931833548155297;1.6022929305398097;
0.7723576537835756;2.7517739417177607;1.4165084146507974;
1.0633614914587848;2.4523591677566396;1.5613388051234498;
0.9082589749204172;2.777301829643247;1.262268680553581;
1.1245590589049386;2.607133462171978;1.381780618070856;
1.3147448754191497;2.8456752585996257;1.152140776961467;
1.2198554300459623;2.2483606032026575;1.8143467241521372;
1.1183616135750187;2.9336624699082914;1.4122169520146741;
1.1967438708111633;2.6557111038363637;1.4024129687179043;
0.9554026832461419;2.6638550080005303;1.5440493618555986;
1.094674084842281;2.5985377596704886;1.3014335193732003;
1.2652963310813106;2.8010431139157768;1.2423228865290947;
0.7514665815986359;2.597403635994487;1.7985135896640863;
0.9861724650470014;2.8320035737140206;1.473245754447389;
1.303851341508943;2.8846124777580373;1.4062040961135531;
0.8590044557944769;2.589171016123779;1.611530727432821;
0.8641807756479545;2.7924572869650253;1.5971090696002126;
0.6016844439078478;2.768783592247515;1.8245131714319656;
1.0910858500543152;2.6699528292695813;1.5098729718614081;
1.3288149158817453;2.7153818953229574;1.6947132240182818;
0.8590132618634058;3.0064402900726095;1.6716758102872151;
1.1468432712054744;2.7400138128871863;1.608022095537719;
1.3017045611909008;2.7168340843641414;1.3758348085562204;
1.4006578887805388;2.767963061544085;1.342388993165385;
1.0720709161871207;2.4726595101308977;1.1024657932228445;
1.1550143587905897;2.881661730588893;1.4857828272831048;
0.8053242063033066;2.512186115438732;1.327040739913952;
1.171190109880206;2.8124715503727105;1.712902257180521;
1.308258603614636;2.810649957845104;1.4258115865654448;
0.64068512697497;2.774458031172679;1.7363125204006205;
1.129026901601075;2.7914804561243183;1.3727267750326337;
0.9317137771378812;2.587772860916864;1.9728331336710294;
1.029903075598107;2.407447781817833;1.4706440569836612;
0.9911760753975974;2.5492943871735374;1.8464446702100843;
0.8548667067243737;2.955567293988321;1.0991653661043708;
1.3237940860138526;2.5312973367246;1.3747994461709567;
0.9827783265951797;2.6596114064609213;1.3604039562128019;
0.6958618895141284;2.7474936705456146;1.6256747591624925;
1.0183891651625372;2.6249622864471327;1.498765955932864;
1.319817189279457;2.6929939423913;1.5936119661558668;
1.3700632747060657;2.6122150693916284;1.6394651337400408;
0.8062614436153506;2.5536496405159745;1.2511067615952098;
0.9029709477490473;2.798558925302269;1.902098259565364;
0.7049972842636699;3.141610958235318;1.4107916223228596;
0.990406296829362;2.5178515005594995;1.4937717554858432;
0.8461470707863279;2.395118079925134;1.4031672466563285;
1.5702955933530658;2.523882830128526;1.6191166990889072;
1.0697492702598128;2.67916495266808;1.1756146964183447;
1.3940528877142306;2.6474389935324854;1.461343303162986;
1.3051929755159417;2.325965567627229;1.570586586152524;
0.4543820511299903;2.5249248129586963;1.6684699518543922;
1.3415435377026492;2.890788811622269;1.7250389760300324;
0.9292613820818333;2.626457935955408;1.6520995552786377;
1.2148987095596901;2.6088155919018527;1.4985095959988568;
1.267622936614319;2.7211706227352614;1.8351575052686222;
0.8689559314929929;2.7765101754752815;1.336664460758044;
1.0067440979092075;2.559231420117521;1.6682667879932063;
1.45299776905538;2.518408859986189;1.8616834695276423;
0.9644839281815355;2.5486334833694158;1.1108583456524652;
1.3887071892287588;2.9982477179961484;1.2056681696153373;
1.0924793423258257;2.6093720489532894;1.512594231838024;
0.7709979041654996;2.3423485271073434;1.2721309609462366;
1.0539113204022366;3.0471392456176396;1.8028260340779627;
0.8973958779875978;2.178862063488642;1.5798864583440708;
1.0000361376360534;2.7972776702990716;1.7274610127729528;
1.2476555071683286;2.813727156300607;1.8630602178250861;
0.8550543536584075;2.462391349249833;1.3854500552820008;
1.2435057921790202;2.75192889867821;1.5843575553041938;
1.171530608829409;2.9121907760889654;1.39408727884638;
1.0065936468364067;2.7711891081639712;1.2441146210829557;
1.110623197661536;2.821363360648081;1.8186701688876217;
1.2178332524611148;2.803445859055114;1.5224909919886775;
1.2727400090457892;2.39335482388619;1.5832796512381238;
1.0633408276256933;2.4443853041369303;1.6534856075407993;
1.0597896265223699;2.773880994172346;1.4879622913872788;
1.4820207069527171;2.627835267961882;1.4909548231746796;
1.1335304221024953;2.4587727661856382;1.3328011481148285;
0.985182318857833;2.668177264391509;1.7628930666711562;
0.9800913509036286;2.7542052332513247;1.3682651872713207;
0.8544762698824566;2.331577825912295;1.4362456709593978;
0.8266132200879287;2.834601979120821;1.4554924494696526;
1.089199545474132;2.8730476486038588;1.3410235358782996;
1.2006046838120543;2.394384218133308;1.3754259518433265;
1.1897227408155153;2.714972349988959;1.8556031839522915;
0.8640557093040232;2.2109927645457588;1.2787254433833612;
1.2993629630478138;2.426433729097952;1.7858189621830265;
0.6293821041278178;2.617989721579042;1.5969996553767274;
1.1608911450998693;2.5494459191645173;1.553798368752628;
1.3026464100736324;2.6088534556536587;1.4902461153325344;
1.0748036843495015;2.7058119311562616;1.349439883199282;
1.3629903666718886;2.55336868607327;1.3103926797190537;
1.1724192683173535;2.273412196891634;1.552843809986826;
1.3291490707557245;2.393300706839608;1.9177431801840115;
1.0400140270181857;3.036301470267942;1.2469529677269127;
1.0836322932850562;2.902749202124245;0.905973483623312;
0.8183452607595496;2.5422075236043353;1.6407031533489258;
1.1252269207938257;2.324465460059473;1.4486074432025102;
0.9810809831342785;2.1211921234149558;1.450225230988218;
1.1013864125107564;2.503458761274685;1.4671340010022997;
1.1386158542598925;2.814700689696353;1.3933579687328925;
1.120641886095852;2.2702731367570674;1.3101592902617787;
1.3949714762077754;2.6685199287870045;1.9624503025968627;
0.8411605231958074;2.825918192254769;1.6178231059546104;
1.4178525713604127;2.6565641700342915;1.716059242287261;
1.1005177142479974;2.5399970579054956;1.0077855473508661;
1.3003115789125834;2.7606480405496168;1.460607463194715;
1.0616934065310437;2.6067406027049533;1.4549353183994485;
1.1815807405976468;2.872628321095482;1.4310945543608085;
1.1971913070783198;2.599195009367112;1.6918170477486467;
0.8607821914614605;2.461572324054445;1.507169272903569;
0.8522428546575028;2.6897744023598555;1.5772670425706992;
1.1266973263120632;2.5982121537227743;1.2791030416864304;
0.9847668135181666;2.7613608175909246;1.5214035480055472;
1.2819354717068205;2.5373260007015026;1.3610910145102433;
1.2001221087483558;2.9722443665581695;1.5518740445179828;
0.721712659316542;2.463754131255116;1.2973628321110378;
1.0898282096735112;2.6193476402413984;1.4522561208370193;
1.3117423804064654;3.0833044376421967;1.2258924120464965;
0.937878801595185;2.2036994067281133;1.476481938590365;
1.0997635646225004;2.5544204211804353;1.400313235683675;
1.0893195596303147;2.5566826284231223;1.6947060829420941;
0.9581584011284034;2.626470636208185;1.3178200038793462;
0.8348486373473086;2.6235345452012693;1.600853556806683;
0.7705542020143674;2.5068914393253094;1.6181625857583128;
0.8573087885348498;2.589921829152119;1.4280439935857474;
1.2321653599906564;2.565068296592406;2.0717872919558884;
1.0059796731000532;2.717716702208006;1.4119799165640174;
1.226486008468987;2.8896542517151294;1.652363552903697;
1.3867387026109737;2.2996166290809086;1.569289576596025;
0.8833865272246381;2.508957422304918;1.4161129211397456;
1.31914576718522;2.7526018546948783;1.4603636458018259;
1.1540920672349533;2.7113844956882414;1.4530321882662542;
1.441589638430731;2.8941314517689425;1.577156456710616;
1.0428398059581812;2.633292595317804;1.3484060643693496;
1.398618278694427;2.5923978882021452;1.2022134663611592;
1.4986693348413085;2.7682371572261784;1.7689598373863675;
0.9887445994735586;2.5398582258134583;1.6866645262572448;
1.25995210546754;2.6843342515714843;1.3255471973252542;
0.8493423104044435;2.527949170160638;1.4460669235459127;
0.93888510912424;2.5644647201473667;1.477788524878623;
1.4380554287357739;2.6871255805750396;1.672354768966226;
1.358170415712514;2.5844870048353927;1.2231785894245815;
0.8804301004765306;2.5908292827824178;1.8234673244340731;
1.3196431146637904;2.52844692445923;1.6885157951471226;
0.8363056899329201;2.7929175605665324;1.5748488759476276;
0.9922017429676246;2.254394459726147;1.1771448625764798;
1.082664677404394;2.763903821001941;1.6986255141832485;
0.9436540133939393;2.522476119120455;1.4732393640093124;
1.1109345466691818;2.6800953010382367;1.1379783057343278;
1.124534745495632;2.8639055994999967;1.752767225400526;
1.1963379654306554;2.3531410100265675;1.6519939855114858;
1.0473717606011608;2.897098704972387;1.700594364756521;
0.8653900714861669;2.606190193205345;1.7613326920714252;
0.9662149552278303;2.3667982805440904;1.5055269502716424;
1.1035149470546863;2.2480796453501943;1.2270799980609397;
0.8034819705186474;2.7313610428310384;1.4396058579422384;
1.0090844882972847;2.3375279079053435;1.5828780347987668;
1.0927922811621804;2.3850349005713434;1.763133722477563;
1.2003985539439601;2.9052967452274028;1.6821789615818852;
1.0584753459083935;2.85647591431292;1.4643205357851967;
1.168121366134292;2.5190036471164734;1.3039152139006693;
1.0488375601543551;2.5370379821531106;1.409582062175168;
0.8823587585267968;2.7280010602942935;1.7714870048726254;
0.9132799136439439;2.6425794416001027;1.4531360759902647;
0.7524953948586004;2.527312849745559;1.8750788163740961;
1.1190977000989162;2.851901772815928;1.2411005102953463;
0.6130866692924902;2.9894222069842984;1.2514402875327404;
1.2949882594726803;2.276638205075576;1.6560046672298119;
1.2274661061985908;2.4856499118096353;1.272453730770688;
1.211570603173511;2.562656862677455;1.8364990195279993;
1.3650811894175172;2.50058124486664;1.2067342772770226;
1.1995878943355902;2.787465232182927;1.4808872608502268;
0.5899735400766886;2.612245577322406;1.5175563704049964;
1.0739325868202838;2.4116485372679612;1.4671900358079946;
1.162091136396797;2.3673690496258293;1.8476588724577752;
0.9553426579676618;2.7214337070162724;1.8961443071640387;
1.0462262305645675;2.595248737149334;1.1737951668216406;
1.2236297764221042;2.726036291601291;1.7562184868371133;
1.4200852785234797;3.008146542667145;1.7441415868192263;
1.0664450302483854;2.65322144378374;1.5622949375425212;
1.1245340519990499;2.404780995147407;1.525054811537313;
1.2249288749638814;2.61191874130459;1.2011697885098342;
1.031006154157052;2.7396545667988956;1.4873734604085795;
1.258863533763825;2.637511753826633;1.4161719629515384;
1.2683672238932793;2.6756155168358573;1.2786900602912339;
0.8543526695911974;2.6692599061040254;1.555743947416216;
1.4375574366930823;2.653546009658898;0.7209840026381443;
1.0504288386279255;2.521296112623326;1.4027070844212808;
1.1748687946438106;2.868804622751693;1.5996134259244539;
1.2625518632236732;2.8838931844435174;1.6617440873560814;
1.2693871881647878;2.7125491301914657;1.6885724361030863;
1.0252663693870632;2.470230129543191;1.5100401535069594;
0.7694870070213384;2.475621799847199;1.4168487544936375;
1.3571880042450144;2.5517031389118774;1.524872639838566;
1.205228566887499;2.7489764446194984;1.6606117208382227;
1.2157834372187923;2.3505122981879083;1.2713419385196647;
1.1748088866204842;2.6194939981371896;1.4926454796638082;
1.1424264836458016;2.823758107676613;1.828575212869883;
1.0287934188262924;2.5228403197331306;1.4432678745537446;
1.1256417039711537;2.606134841228104;1.082146805964998;
1.4324110793186164;2.670932647434355;1.3520284876665274;
1.0806892129378731;2.9466067749158;1.6001796532414079;
1.0189680498103648;2.5349763721516934;1.7527583797423325;
0.9590860937573352;2.830507541315832;1.7095610564065569;
0.9416043645503747;2.4813274838239874;1.4462423211816209;
0.9780562494534752;2.3341724225745306;1.5467256889433991;
1.295400817658144;2.6992814670111276;1.5403669169934724;
1.4703642150273655;2.627978644408247;1.944558842318552;
0.9543569013253586;2.5608299635532554;1.1982765601207783;
0.8853806900425961;2.768831882233616;1.5064537491549415;
1.1057432292796134;2.695772410138744;1.9498575053739402;
0.8013111717186929;2.450468637125855;1.3600822543010875;
1.0304857511810979;2.333262101707581;1.6817708275138408;
1.337050723324582;2.434767571598617;1.3008998408102825;
1.1214989641971518;2.7176158665173062;1.6669110490838233;
1.3957739709979105;2.813523220211871;1.6639628301270848;
0.8281683748195706;2.433724839692538;1.5952973606025764;
1.1482308365594756;2.880522436952539;1.464012958168591;
0.9688031191090349;2.6877953531667007;1.2580805980213237;
0.6403267875490104;2.4461506238940336;1.297564823446186;
1.1429398820494208;2.8886199381897795;1.8264759092610843;
1.144505248765579;2.386928054889599;1.1675406422123582;
1.2202278254807513;2.600652670900744;1.5405744314687069;
1.0553877749781269;2.6911255783597494;1.3526062622354655;
0.8179264369641325;2.6713731086264434;1.4029113030565452;
1.41678288958674;2.4039607371206815;1.5724411216625664;
0.8927250724298693;2.435325826766909;2.0611213253379805;
1.018282302721601;2.8842913537280186;1.3160618782606286;
1.5020439208486445;2.6479092029523392;1.4327378991696162;
1.2176976054697122;2.6662427914999425;1.6662702741743831;
1.2232496766596985;2.634367827973726;1.643004630583012;
1.1638782396624319;2.675952911568081;1.290650634874351;
1.188325511660244;2.7722213550507036;1.9490244527195193;
0.8105990854761523;2.1438692332992093;1.6126721304743419;
1.0382780440901298;2.510724050112424;1.4500236144467598;
1.1086566866160277;2.2994491594354365;1.2969061538767472;
0.7946897436299061;2.6265542859985773;1.6331461125956255;
1.3800927819293414;2.7487604059829445;1.6260008589276491;
0.943555947394862;2.856822785569096;1.6867830040128202;
1.1782062361231014;2.5523862678211886;1.4605611272379093;
1.0921369934666418;2.5797396690375787;1.5582541683255915;
1.0647134940247653;2.1443267134784847;1.5141571814438048;
1.3344490342384994;2.6953267272922163;1.5515220096366689;
0.8596717004425366;2.660387831593586;1.3584849933122645;
1.276030793491068;2.9492900225524226;1.63577988092502;
1.1498289022308152;2.3793306965783323;1.2087203621295475;
1.189944144085801;2.6045885859307902;1.5103766476709444;
1.2254662782013572;2.440218547197751;1.417110162711197;
1.0946515744291312;2.5883286726544434;1.5918454820910002;
0.9306905931361581;2.8251336116188197;1.6695609094751427;
1.3601048405463154;2.6661533241952817;1.7896957820428954;
1.353371292515857;2.563708589335807;1.2028146808898745;
1.214347391426517;2.442073560027154;1.2638949024579538;
1.26670328475976;2.5991583531192743;1.4492810989848728;
1.3444375290584716;2.218462523710651;1.1592168177697888;
0.9294514963074;2.694027762199576;1.2464840860568909;
0.848397919546899;2.5953512928472717;1.54363749707451;
1.4518596515003412;2.246969466119125;1.4648899841965102;
1.1285615006524987;2.4163227957481452;1.7764335941365168;
1.2334731241619044;2.592151044149798;1.8898084249177927;
0.8494490245170122;2.419512269871625;1.7994020987516337;
0.9997408634145606;3.095918987904046;1.7789915630011357;
0.7102131535532491;2.5648594327656458;1.6222855511195653;
0.6265084986116565;2.5343684590318745;1.7674050069355802;
1.2760697083362134;2.869016081293168;1.728492371639324;
0.8638452925395966;2.432148418601847;1.3157119802321164;
1.2785321187063072;2.645282632523273;1.6907776000876718;
1.135110108090343;2.2885757801278386;1.6193721471939926;
0.8334362085753887;2.7772474117284007;1.5960566919351824;
0.94060722336264;2.7450657198034034;1.7262512009838786;
0.80685459814741;2.5682362330258055;1.4771465778678752;
1.3524912087945589;2.7970986186668485;1.4618883060600143;
1.449591391242494;2.5921416497897525;1.633895631016131;
0.9917888084830834;2.3771886086245493;1.3995809921535751;
1.0502043049180978;2.6150134827849336;1.8003144047819357;
0.7155541125851199;2.7624347297771243;1.2681332597932302;
1.101485977200047;2.685230914884594;1.6652018769316181;
0.9710140237730076;2.609949888058228;1.726856174125423;
0.9146492063199233;2.749777007158189;1.3613371835160408;
1.20052312476678;2.927059507145425;1.7974059430393607;
1.188719627110782;2.4152156563439506;1.2775053475169598;
0.8920306431434865;2.965339186182542;1.3543804688185008;
1.2829370281062389;2.877222199972162;1.670436106984543;
0.9095341179056708;2.643550370637539;1.2322431180335602;
1.4254983049254872;2.7198865528317406;1.3750860913708238;
1.1625343116550748;2.7214682168652575;1.6634770472438871;
1.4055963095420767;2.7158286426503375;1.848373804927532;
1.1597964125485596;2.7477936316458305;1.6370523903872793;
1.0398285528068392;2.8540774155064184;1.5099725416853185;
1.3390739269548022;2.3453736859445597;1.4430752561119435;
1.1492531543831161;2.8396244000649666;1.8031856499234495;
1.0812073673671827;2.281831885410838;1.6984003962322445;
0.6666270719674228;2.6136731863932785;1.3794846615059315;
0.7111825253639528;2.6636429593138415;1.5849718963105144;
1.0762896990314823;2.601440442043645;1.7495159110672232;
1.0604583191679338;2.3172266856611383;1.2941279150139366;
1.255931735680839;2.853865992312183;1.348258022265243;
1.1773496692380392;2.618131240140317;1.8787412557631458;
0.923260393561351;2.6698355406979255;1.3604443526657137;
1.2940075609238473;2.6629366865739006;1.6316475679585665;
0.9960609187633858;2.777388746820892;1.6775878032249603;
0.9662222217628939;2.2480573992660013;1.263423030311484;
0.9494540008167192;2.891064593770164;1.4661839262495555;
1.1804435847931327;2.633167838941165;1.3565833899181519;
1.0851162660212677;2.379612481450082;1.684499513033619;
0.8334029722265831;2.294868562552357;1.7294972082237887;
1.341950573308963;2.5705940693459923;1.3614008124530514;
1.235322981953133;2.434627773459672;1.466740642230452;
1.325958442822952;2.7011781929715486;1.832646135930683;
0.7724057486081404;2.419425464251439;1.1581624183205406;
1.266535937099595;2.4086937256824945;1.5292228005614144;
1.0641909544742336;2.600983968590543;1.3975244343965065;
1.420555407637399;2.8856143329363384;1.7365268016453883;
0.9665046802311353;2.7096482262760397;1.7512815540797395;
1.180936581826558;2.8086587845456186;1.490400086128181;
1.0678903075304094;2.6605050474507137;1.4848269538680066;
0.9468352312580655;2.721941415259457;1.5067858283879947;
1.0649034343224189;2.5762424339714065;1.4021213623188902;
1.112822953384653;2.6122508971196274;1.5393954300220267;
1.0055345242453324;2.676168247950885;1.8997783188033566;
1.3470385064720092;2.8900540464733293;1.2925120604877773;
1.064233852165644;2.5914219798684646;1.3076037684692747;
1.1386452944229433;2.7205102362988085;1.6176665248426723;
1.1397039284537114;2.3945456633932474;1.5821834486162973;
1.063656878992722;2.265496106950226;1.5457913560451502;
1.2632439669178521;2.598980248814815;1.1017747624156606;
1.0270813304068724;2.2425385694528432;1.5752447380435584;
1.42244753580446;2.6127501314160617;1.4764652305046593;
1.519902438317855;2.936911821116029;1.585709268058347;
1.0959595374987563;2.8485316880144436;1.2670014042157867;
1.466011438715522;2.482524525701408;1.5251982511140594;
0.2949986497765513;0.19303146529600534;1.9295540440351742;
0.4750090015994084;0.8163294848272944;3.6574227477094627;
-0.30227800498437546;1.3116858956183053;3.413693168419025;
2.170932359735074;2.67087796079024;1.9327062894186877;
0.14382356203388058;1.9839248691873914;2.6046610787108455;
3.949447304757453;0.8861307549723967;1.9218089770510947;
0.82101450228638;0.3639121898615807;1.0332404923259322;
1.5165399179715924;0.7545736755560482;2.5366196742817615;
2.5110623367094926;-0.16633375604551542;3.6282734451703176;
0.5245470087625732;-0.010390169463779408;-0.35027551627418574;
2.3012814793286984;2.666826030902193;-0.14278290809317568;
3.584485835203152;-0.19839828411990956;2.3159131914241278;
2.882851523175801;2.5078962910293954;0.4155544851425401;
1.1475989346430662;1.4838959460187842;3.022506641663667;
2.4568314238908338;-0.4655104474918844;0.6500736810991798;
-0.4312297027690922;1.978932117269788;0.03449186058531817;
2.84811833943242;3.212794818203724;3.7265318024829988;
2.1283481205449952;-0.3536619285752925;1.4539641603206575;
2.5436889463956427;0.9384146766588066;2.8534013842725106;
-0.06669238519985915;2.7697943630955395;0.27464661440568405;
3.1614724880894314;3.232571018924609;2.3577712597368095;
1.9831458073515131;0.12024893516506086;3.5286535346297843;
0.043279244985919174;1.2176488482373669;3.745506293806759;
2.2084076686251217;1.8785348545882727;2.914975165182285;
2.183429054404302;2.1547523184477955;0.31985069162735114;
0.931727590950753;2.110309198051727;2.2866374513431835;
1.8241100840367266;2.491429266338538;0.946118234621625;
-0.4274023321757495;0.5661289314852589;1.2988017409010746;
2.0000104020325216;1.1404731591956891;2.43622348604892;
0.4010340540129079;3.8459900212112235;2.7743253012980795;
2.9152885068429715;0.1146613695495533;3.5477761300886854;
2.5236621864647475;2.2533042039681366;3.5910660076499434;
-0.18667417235854183;2.3497917035351095;-0.403570308706005;
3.8636344058215615;0.7615238519411036;2.699457521184311;
2.317702216221796;2.0052468269435497;1.2262276310910825;
3.126862842315403;3.8068511284969526;1.8260468720951843;
3.406152053424505;0.08177697761917879;0.36584802496074575;
1.3583329728761429;2.6930087657415585;1.7436195880688685;
3.638552847381491;3.207930812340137;1.1748622172745682;
1.8092548311110939;1.1751803855742533;3.6995550528916947;
0.11684199825040742;2.435681424189594;0.7952966129347943;
1.607432460365401;0.6671524415697716;2.097888088928904;
2.8666718944393437;3.141858366021265;3.1227431479211942;
1.4468510589515264;-0.03844739988105622;2.25737401756043;
1.3160601955903983;2.8429809215728774;1.0867784468790778;
2.258899025083768;2.0519673909107192;2.0962845782686905;
0.30965992001818377;1.1084222921681548;2.532232601338843;
-0.43390980774999427;0.11764308676826496;1.7767483464126874;
0.3538978185659142;2.1603882413800046;1.2565296840178086;
3.942317133615685;0.45740190812169423;0.9276759107188983;
3.089380092123161;2.8122583484337067;3.8305028863168227;
-0.14735240194211457;-0.2937816972481989;3.829612142805833;
1.3448447831310273;2.651158174588987;-0.4067306177453264;
3.5350418206790506;3.3134418873591933;2.809589191230373;
2.1396989344858452;2.871382972355862;3.2094034542291197;
-0.17091453637137338;1.6196875266805892;0.2550205756985915;
1.9788963951299676;3.116080624198812;-0.46183991275026187;
3.289352512563384;2.0146468920150604;1.207116822467591;
-0.13039432393036593;-0.4375067667860712;0.13020509890094334;
-0.471830106634544;2.751158853526856;2.053891126932878;
3.2897493632976045;1.166519746235788;1.6134798572225622;
-0.22732167172968687;-0.09661858181876981;0.676669128628399;
3.045956407182582;1.8643397913554147;3.1936658506296283;
1.2508893555364446;1.8963645223325085;0.05168332159753053;
3.475590951450055;2.6596840782171594;2.699365286623724;
2.921113663750422;3.169181502390475;3.207790038270957;
2.0130748280574053;2.2258543316338555;1.981667172609757;
3.057293776046449;0.6184355909566386;-0.4459638153878843;
1.9544132334394404;0.14102323363972236;1.302228702284761;
2.901458742221981;2.968743939423093;2.0265822312756567;
3.601307769117395;2.3963585195328116;-0.15565791748598562;
2.494224782186195;1.9329934029865123;1.646654466075038;
1.3440819868030411;0.7602272822314349;-0.02543835668735711;
-0.08108297422808569;1.719954278758073;1.711494679018183;
-0.016632138262458407;2.612698587991037;2.3961688074095324;
-0.2831529202512026;-0.03161129028012327;3.763881441703206;
1.9875687183080983;0.5457624193803206;0.23382729325903095;
1.5963487320548704;-0.40583094110632345;0.15630997911276612;
0.8159152455461656;3.9425472523443137;3.1959299097338354;
1.6105910084050317;3.22515764199525;1.1704101114995016;
-0.0041964073329699425;0.1382086744597113;1.188006450517242;
3.086625700936079;-0.2763568159840838;-0.1038770081460203;
-0.2456897301843758;3.134381437827419;2.218736422831296;
-0.2332966845355744;1.6998774419877742;3.067484329806292;
3.0545318648815076;3.594871277928804;0.10710214244540506;
0.6621525472811327;-0.4444542479831565;0.08993648535645071;
1.350840895885747;2.9227902799638272;1.7834931616529075;
0.7080580734355331;0.4515920863548599;2.6487078935645667;
0.9373594121214441;3.6872216620237257;0.8835177897064219;
0.6550113448972759;2.6204314410741296;1.528205006129976;
1.4409596812871928;2.382787658492912;0.5762310713908947;
3.6022107569836974;2.6738420791247925;1.5912257675024093;
2.7848473501786706;0.2186779241665544;1.6997155831916402;
1.7974605288899461;3.741336258256026;2.4052416499000873;
2.3881839874785324;1.118696211471548;1.8086604743627275;
1.335888807453238;2.4920713514845225;1.175560595490246;
1.2490661291655702;0.7930706093456039;0.26892284027319;
0.735658661375892;-0.11015656724236689;1.7648581812522015;
2.496296938380065;0.3119425898033782;2.372096790307715;
-0.24080924781791901;2.534796102090774;0.481780911638771;
