1000;3;
0.1520308938309993;1.4940296025887174;2.237495394347474;
-0.13774195361305275;1.2289937045454882;1.952849163463265;
0.3483598283605558;1.6948157445231693;2.137548937866565;
0.5095156428274593;1.7322633672587122;2.483752545868304;
0.3717733190283267;1.868889822002203;1.900339427033945;
0.6413199418923319;1.444359883650171;1.99680166519384;
0.44835743295512703;1.341653744541392;2.304560693655298;
0.1894699049547325;1.9504183018579289;1.865340263897437;
0.3868524856292126;1.7865348311412175;1.6743910280535856;
0.011810753417219488;1.783137282654018;2.1760205499518808;
0.5015411236632095;1.1886206512700135;2.2392785347761324;
0.28753532356286315;1.6861885973544797;1.8026224072717407;
0.25989714123200536;1.5965152219556777;1.7900811028603725;
0.17216130906224103;1.548725495863725;2.2449455421161284;
0.6609920448144271;1.7193865397296944;2.0382112394623153;
0.6269699587708123;1.5754207164751148;2.229277255093212;
0.3911992304641879;1.718873681810728;2.263834220217005;
-0.12456622910286252;1.6043818070078415;2.439869466699107;
0.24067283404098655;1.6265243394065767;1.863706179052991;
0.4615550707556339;2.0245871191425886;1.7266358601683978;
0.1782156911738538;1.7618699676456826;2.066519481801406;
0.12653567154053338;1.8087956849221942;2.184175288985591;
0.43393452339866084;1.401220019584002;2.0186724233999054;
0.18518249041656665;1.8603325647281042;2.236166272625453;
0.3865640571124766;1.589413139952362;2.0799379622061087;
0.31483464130977323;1.6953299482559856;2.3131004726893796;
0.4940881426981708;1.7476994713420297;1.7380176442681483;
0.4460315242455203;1.595912148325744;2.398095967461561;
0.353430728390509;1.9598264159859249;2.4184369045276823;
0.4298605954522766;1.644926365833977;1.917035123936063;
0.4840346454641873;1.6290228393453394;2.2496876461523345;
0.5870504988299516;1.6848142991752675;2.1232882094430003;
0.23475655609168208;1.6900681708426302;2.273857730474379;
0.13652838140448773;1.5643572541478166;2.146953011594762;
0.32327861050247914;1.7562057889850544;2.2951746250846257;
0.4939132835100499;1.9741147885585382;2.3005703786364853;
0.37623897524300604;1.4948991076916092;2.3869775884631403;
0.3451452613893299;1.3436624425360504;1.8002641637427643;
0.5588815949110191;1.5228955543863694;2.2538963721362624;
0.22892589785059306;1.5067301179573134;1.8938007768619887;
0.447918623993286;1.7948967237212006;2.0176170674923495;
0.7294031836249387;2.010469114563174;2.0176873730375156;
0.07268646689540609;1.840718549582381;2.2373070191930964;
0.09143385064934756;1.5254164621472721;1.9771131514802849;
-0.07943856739889982;1.5924167317317344;1.9517491271696077;
0.13897118351797372;1.720506256749538;1.7648751580150466;
0.3625963526670164;1.9795319722986546;2.0610261434109707;
0.5171947809122985;1.646660704524939;2.229496011307047;
0.37314222154550375;1.8271105775177185;1.8560854658336972;
0.26564075186315106;1.6224576123394132;1.8994225858777338;
0.2831258900284301;2.0293183744371373;2.0905631523239405;
0.04054632918443368;1.9982890012604977;2.5427024643290785;
0.2191317893082425;1.7986940301557635;2.346760357520268;
0.5845634281368508;1.5705062211201386;1.6441082916703789;
0.4565365168571514;1.6563225000046817;1.775707143690799;
0.24476539395247943;1.4293845352774892;2.3212968733716086;
0.5559381716304216;1.454346956839549;2.018943574961125;
0.27409855561350027;1.523136373064248;1.7776849420992153;
0.36406201020179035;1.7067831642698301;2.3719757894353926;
0.3777634327721922;1.6951939095618576;2.4778847819444723;
0.3147682929294653;2.094766251312635;1.9317621033317212;
0.5144888428591622;1.2759932837345036;2.1832300212167546;
0.4347934305079793;1.6172759524238236;2.541879420703723;
0.48653134001714815;1.4400075585241177;1.9745594328537437;
0.1840051485612218;1.609252077516304;2.273926029911015;
0.3300807968420705;1.7491214362836607;1.818378137080396;
0.11328030938852984;1.2468561004584384;2.1457149076063744;
0.5179397863075408;1.8037935363438753;2.00118939021274;
0.12072824993054745;1.7578107478141909;2.0458735079399553;
0.35504908307811855;2.0170553520511745;2.074300259141823;
0.26534420780456136;1.5714648156433964;2.177270202981892;
0.27572725274413135;2.0388114738146403;1.9240345751558376;
0.23272221382218886;1.739982543110604;1.9671344352003701;
0.09172892928378829;1.9133598030047627;1.8737674471808048;
0.45499925054572;1.8308758219294168;2.2036660802056196;
0.28588633859184226;1.3610134858882126;2.3540344817247623;
0.3649247614620883;1.658142286633037;2.1862497684144486;
0.5801790311491286;1.769482599477103;1.9719447139934758;
0.48201420761551117;1.7953397150878945;2.0045604195405518;
0.2745353924380164;1.525593889236148;2.2211431430507766;
0.47915226050826726;1.655946768988105;2.155073134513874;
0.050488940830979545;1.6088600849462322;2.1014023648521576;
0.32486284361026346;1.5882842617597746;2.2638900253320497;
0.29591293460027585;1.7610559798054415;2.414444154874839;
0.34307933716466243;1.7509229706248115;1.9147682061739828;
0.5236016507863652;1.6676516715667247;2.389517019293249;
0.06098876747003118;1.5245307590860793;2.1280865465572076;
0.6175027484666167;1.3869232392409567;2.5787825644950817;
0.11594451699083147;1.708291215898357;2.3848372124091184;
0.12413353178132996;1.7162027769582067;2.2828065659536514;
0.471297361254618;1.8413806995719488;2.1688750774631917;
0.27054140290480244;1.5799058741774494;2.339671653381896;
0.41915730680596275;1.7502764582155503;2.0746370541778956;
0.042821860671225564;1.410193692936339;2.015018943495403;
0.08276112550928322;1.5595737950342476;2.2943224590423648;
0.7884472457749823;1.9119626538333954;1.9581591702974939;
0.607992919223231;1.7895199991106652;1.7145889202561246;
0.5639429683649323;1.6529361282537556;2.10373639900192;
0.40577917148394405;1.4205238391505115;2.4629663715746144;
0.3434763932549372;1.6570710938136828;2.2330225700784854;
0.3275437555176401;1.7454882811461188;2.3646495246094763;
0.5969721752308617;1.6217682621147147;2.2458783649813183;
0.32426290455667506;1.6694759692015158;2.0278470815818364;
0.39937364255389246;1.643836224510508;2.007471616162335;
0.05885351167458991;1.277199000790626;2.2272977616223426;
0.36198163456219484;1.6507726358916053;2.160295845780389;
0.32589597565955336;1.8605012783085695;1.9594155791242562;
0.3455538317877841;1.1712013488201642;2.080756079416559;
0.19813197024773843;1.7558164553663058;2.007023113148317;
0.08533042037018718;1.6941359227248616;2.146183852236339;
0.60562895193339;1.859005054719459;2.133890160940785;
0.5756717198038316;1.8832792661816595;2.444291587771804;
0.4443468047749218;1.5048755359882773;2.1803008864544746;
0.16054324679285786;1.6051527086826363;2.282942975646344;
0.41117148907366335;1.982460576079541;2.3032467857179557;
0.48239722805013474;1.8180427055585615;2.032567668383524;
0.3241212508766567;1.652059134227653;2.1098962024484185;
0.4080768341383641;1.8309101206664078;1.9511267690437573;
0.4155515261516749;1.8367770469325957;2.1495541704434546;
0.3915441445916223;1.3839862821930535;2.4068817982159185;
0.36751522138100884;1.810729155526992;2.073330040106989;
0.2564024120518685;1.3112419098940873;1.763053824443863;
0.01805418957935989;1.5599493499107546;2.166944173840486;
0.37204277117632595;1.6851027847903597;2.1624640261732537;
0.5484337464687554;1.9526304559936603;2.1360197280789124;
0.40839871435914027;1.7953566719620844;2.141486209096099;
0.4786069820966462;2.1266594526977745;1.7609367231878597;
-0.22052455465498444;1.2840649238292796;2.0710599309262427;
0.27205357601010793;1.787154358278863;2.0353482943265675;
0.0356599686997322;1.5970473822024531;1.7980960619875377;
0.223192509540846;1.6914209543614442;2.0923954024998697;
0.37282896258375064;1.185546310559503;1.9675060287849813;
0.20427833176776983;1.6980667518142363;2.2950301756235865;
0.23944124263311212;1.4508192771986927;2.405970080013353;
0.3106440590521943;1.5385962782558564;1.9055705922714157;
0.0733937056382008;1.7109296685382003;1.8462215341329253;
0.43223711681887433;2.107460661409939;1.8990096334984266;
0.33068030117599023;1.3583200662259225;1.973781874695249;
0.7081081162843298;1.6367907623026805;1.8756737171038222;
0.03510033134812346;1.5683032290145194;1.8130243234403691;
0.15403850985107448;1.266256383441017;1.999192199584882;
0.5194856007481593;1.583759784658437;2.2693004075775605;
0.5213787462154353;1.8586932597693224;2.2599693032005734;
0.36301023613768246;1.5159322816043035;2.1167876814203983;
0.25836273639858215;1.710905255152494;2.3998945305461477;
-0.1742717279704209;1.6132633889817245;2.2078112908536625;
0.49447045835879766;1.4707685928953855;1.914990860886644;
0.34776294957618026;1.731800401640649;2.2406240885725537;
0.5665382295790335;1.7176462018302043;2.3895715606870525;
0.3566710003940155;1.7703311268806905;2.0735352054223406;
0.5258735606086685;1.6894592206118666;2.0505325968593984;
0.5210504957554325;1.6617720584100026;2.1206223015569767;
0.22737609968675637;1.446404519018347;1.95415240497071;
0.30669726376211637;1.6302903696730253;1.8351782998632549;
0.618125229295154;1.4765248778587279;2.2035351725514594;
0.5808808712141392;1.534642683355844;2.199228522629369;
0.04577486316916646;1.8190845679762186;1.932489750980301;
0.08674505576403152;1.8015632399136883;1.7277370668835939;
0.1441072450942713;2.1313220599147877;2.215687272264177;
0.8784142708363486;1.705997294448838;1.8425729457036102;
0.09518108910778889;1.8779276801337286;2.148280891298992;
0.5668141820797792;1.7394510364952565;2.1702350245625412;
0.40051959107513385;1.6580397453845699;1.8006203694281027;
0.18311859893084026;1.8084764777566364;1.9841786303900744;
-0.279549069623665;1.830912688583739;2.254667625505835;
0.5103212443155;1.6953101131784465;2.0559656650647695;
0.19858500794920503;1.7473686324134021;2.1957630821725176;
0.5981560277484109;2.0281523786518587;2.27372727956426;
0.5812142404266782;1.7070107753905466;2.2293735161420933;
0.30714758870700226;1.700440164632667;1.8109881294256573;
0.2456460907708394;1.448396519878794;2.063720332829774;
0.8071157214989763;1.400115747296426;2.2478047770839824;
0.4707734419603908;1.376936092366679;2.045918080314822;
0.46765717925406863;1.6077505307572326;2.0971813781634308;
0.8348485196650842;1.8728909185745182;2.5665944872306308;
0.09676324307844947;1.6637720566538219;2.1661503376778293;
0.5883254884876981;1.777341912732324;2.14063936211063;
0.23630237130080528;1.723381141988335;1.8553817253323448;
0.23079200378574263;1.7325921082518239;2.30782462869651;
0.4445208620701556;1.4822630036429076;1.875551454089702;
0.4323167903851574;1.3618322539911178;2.2908010097618443;
0.28085046993304386;1.8085089361772015;2.136118639232643;
0.2194956373216739;1.9387867354423491;2.0436521691023066;
0.2735969716259081;1.8586462800173331;1.665156459579268;
0.3931827580916603;1.7629467807730805;2.0900445186363092;
0.16001361343789516;1.7573028132685669;2.07521779616546;
0.7036629380449095;1.825728697303351;2.1298174367040406;
0.4672355720836558;0.9895774399151682;2.426549778356488;
0.3419178142569185;1.6548970308017683;1.6811177846746612;
0.22393166835911843;1.8693009009381991;2.1949680233992437;
0.12753448637880865;1.816414565706331;2.2401018460042845;
0.6028658304579149;1.7728164007196128;2.252492555423116;
0.40331666035892716;1.9862229588453602;2.090257859307075;
0.19561166210956735;1.790491978206305;1.9433724010649605;
0.3254354664593143;1.6741284160165624;1.9246072592387822;
0.2856622318163584;1.7093085395499537;2.2282420449815485;
0.08660177856113466;1.2282103227458192;1.916658189781096;
0.4487438798198808;1.7574549541513447;2.4224280056865632;
0.489042368798731;1.3277663459791176;1.9061396642212989;
0.18383534818659464;1.986171388617911;2.2366327654053495;
0.44968165495183415;1.6643246104000233;2.3703409925818937;
0.26705935379702966;1.3289083327248095;1.9369954189344374;
0.514045385591803;1.5800978488761908;2.1473385821700623;
0.37488955362611465;1.5381835408493438;2.315441858318139;
0.7439607877910788;1.2632134855874684;2.1083969963359093;
0.8352443403047639;1.7095217280082453;2.2238635092617054;
0.6142477943562752;1.6069932903976791;2.239024127264886;
0.3247771946606723;1.6993311701662657;2.225333433651065;
0.31827465821128176;1.4094612410415028;1.8814684856210226;
0.451133882581177;1.4032226930774647;2.401297371452084;
0.27344025570778224;1.6593503804862586;2.1723794770961677;
0.01833173512480435;1.6046635807658118;2.2291013069534085;
0.33352224068025704;1.2444294743730866;2.155711144473191;
0.7142926433962999;1.4787388746227588;1.9884641996306565;
0.629920739987939;1.5559405393242787;2.0642788222164192;
0.5387309255886807;1.6922216168597273;2.082154981673509;
0.5169994974770268;1.9049454958575962;2.5228340424276223;
0.46475670890060566;1.7804702306016893;1.9112790484332218;
0.6172886052354526;1.4581600107554602;2.1729331415834596;
0.5471053580335721;1.6132978842321726;1.9304941191875473;
0.3156877905679935;1.610069337667319;2.5363485751874872;
0.44031589402307303;1.4460755746645204;1.8560901771421991;
0.36030754247409114;1.5916535468102717;2.399621559704293;
0.42227871461697064;1.4508901380633903;2.0554114017047485;
0.41468576514283156;1.5387068182281067;1.914262345998243;
0.8121028800413952;1.5267123326492171;2.3100580576830274;
0.17944047313851724;1.8845554480090225;2.1372680614579003;
0.6616560286679293;1.4896746645273262;2.2897002266975153;
0.3297130726266418;1.625125634881786;1.6631715678173868;
0.3208684085003789;1.4760546152096787;2.359742686302916;
0.386827267514927;1.998242064091783;1.8715988062915159;
0.17310633303803244;1.499101993115945;1.9845712747711102;
-0.06597878150755782;1.4913968190717348;2.236531752594164;
0.4645479600170057;1.5123956069873734;1.8144767438547047;
0.1789513928271416;1.2594713688768184;1.8263488090244238;
0.3615965170448095;1.9098494708251699;2.0970596465378875;
0.24636959961685145;1.736144586906635;1.8173717777911707;
0.286565824887706;1.6831041620848746;1.9381082010496713;
0.2613679582495844;1.9633668313735646;2.2557319083473395;
0.23273989506893247;1.507776145268283;2.3485711092691997;
0.04464812992751671;1.423098605684531;2.032246313524059;
0.593141379888943;1.6656934702950623;1.9102044298173286;
0.37805086110573805;1.8111273024982006;2.439940017579308;
0.4245266760145697;1.1702390733282755;2.241815443263961;
0.22566841487521674;1.295556680819074;2.2730590689838532;
0.3721409139982328;1.7969910616462648;2.3080404080479755;
0.3317722903547026;1.4719794630022693;2.1531102230952888;
0.19806548042807573;1.7460992652311482;2.4196030219636957;
0.3024108326236833;1.7247588885668719;2.0811655126497466;
0.616294014943449;1.3662609622255408;2.068319705320872;
0.5039711547923218;1.4437339066464108;1.935680812890809;
0.3030484568228763;1.5178399614360656;2.015172923269125;
0.48267256722258733;1.6268953114968467;2.408844698205287;
0.43504653568397056;1.685983805504374;1.9959335005585723;
0.3064896156244598;1.3273226849796402;2.1075980908953222;
0.3662329503593851;2.10156889464513;2.4798730735166448;
0.5271769046705682;1.4144118560996222;2.232347285621937;
0.5172521673887615;1.4800746525544182;1.7529801198839872;
0.2869110553973968;1.6569526957611775;2.0921824273810232;
0.2261812478291679;1.6731673592714071;2.0808119592354117;
0.5461209070877004;1.9522449179088919;2.098614195145019;
0.24356460190085727;1.2724207580195843;2.2330917665472034;
0.4987449929627418;1.9247592119654184;2.2488703970059625;
0.2664905295439426;1.3171515487658152;2.1100140410102077;
0.40180665946386485;1.7719093731462483;2.198114573721124;
0.2944085751744102;1.8540138747207728;2.1557099458000266;
0.4011276388850269;1.6169328445956808;2.4853911603504177;
0.3692642813827292;2.0291833584974843;2.0748519074972176;
0.29922644375428076;1.5263165756519719;2.248285631429244;
0.010361284363416656;1.4316690513964003;2.2996709168855456;
0.32873003916471466;1.767063471691175;2.3121378105528763;
0.08695874478339988;1.6145508630093544;1.685218701794141;
0.28402044537277693;1.8468574564123952;2.0418208461374694;
0.5945410265813904;1.9045633572628735;2.2302659528387974;
0.42660988785404697;1.749607188709845;2.201733137232385;
0.24903064337170094;1.6969933059496987;1.972301634819037;
-0.019511895488300957;1.6015069745248773;2.1273850120585;
0.4008859954916988;1.8134838906571173;2.10486950850157;
0.5743304401846854;1.593016448385883;1.9719939173989292;
0.5165807982237112;1.7863245337045657;1.980264868530074;
0.25322469392539626;1.8492540381977094;1.9206947625319726;
0.21147789160947272;1.8465694235218917;2.159713333434687;
0.4515067823190273;1.9275256958041653;1.8951240177134308;
0.5676618195815458;1.3928018012093064;2.1571752585721153;
0.2883023014003426;1.6122566041893225;2.14221037633224;
0.32242017141492074;1.4197871948415455;2.151257709342985;
0.4456778882204626;1.2962459453101862;2.171302933167494;
0.3161645728002642;1.667325881488144;2.2286506299944846;
0.11034519590350356;1.3872111928746402;1.9713496845286453;
0.5113026112905769;1.3043856688468312;2.034055813137905;
0.5246320155737998;1.636528451808803;1.7760746315005675;
0.1845565175795429;1.4915638479060758;2.1623993428034263;
0.6460087733580755;1.6243594554939618;2.1684735477876043;
0.5435343705836557;1.4977958957317326;2.0910021619041745;
0.10621086055632362;1.548107962395473;1.8497811436685612;
0.20704562208500366;1.6309247800135196;2.1987044417538972;
0.2603836527515257;1.7764147808173147;1.8539212765064352;
0.4070362218554013;1.4186008083211197;2.2911396403936886;
0.40022482318200897;1.8014676991463596;2.2976920312633657;
0.23034127647038388;2.1522546003980008;2.1227160902050652;
0.13560879703468942;1.415928642232486;2.234812788471635;
0.13181262325885557;1.9274535269515862;2.0263729908229595;
0.3994663081900635;1.6479180595285203;2.1072275303638826;
0.13514846549172801;1.530020370403263;2.0815126388439307;
0.06714129587517809;1.5873120321291103;2.3842010357458228;
0.20839155729401343;1.9956773533969954;2.336595610063801;
0.4933759565344983;1.7647378541824572;2.134824257475274;
0.3468156236159513;1.705012312927174;1.9124972271722154;
0.296514297861708;1.8396570499065739;2.232900799393721;
0.5118326068940877;1.589287433266808;2.2431530971879092;
0.28598359633034903;1.9710537357153757;1.5877274708375602;
0.45963153131329454;1.9284811836773068;2.003185962631885;
0.39711566543330035;1.8218459989817701;2.3050444890957396;
0.39899485852861294;2.1198347965414843;2.1064844491186525;
0.2826408708487035;1.8027392423750839;2.117271506922619;
0.47670692896009437;1.329381995507627;1.9616341725595148;
0.5568773880111926;1.9186504987042707;2.4598279254485025;
0.3785298853470566;1.5264390284697398;2.16495555094772;
0.45017632056439816;1.5136348775051334;2.0309761802769253;
0.5449583947701034;1.4274952929649953;2.033208675737126;
0.1042232545874357;1.5922855248105852;2.0523944255975484;
0.37428416934721237;1.7442990257479472;1.9441894208866;
0.25389876557443763;1.7744540237860769;2.0022837331708927;
0.4070338105656737;1.618417570852292;2.029754623294368;
0.47444821318768693;1.9331349929451127;2.0976509389685707;
0.0440463208333185;1.6597403799092434;2.469787663177945;
0.19812965166809127;1.7487488998595688;2.3922560767187493;
0.22289988678759978;1.78081380629182;2.0473820861338496;
0.41681179083391523;1.4507736835342313;1.8408293856539828;
0.4484011131237495;1.8156619832497922;2.241822428048915;
0.6913403539290593;1.3805867952476842;2.3207874918492206;
0.5675769958735781;1.8184907640395331;1.9307716365185157;
0.2372541928481661;2.033240488485056;2.0653411097565737;
0.3634297374694173;1.7358452124385018;1.932473720551356;
0.5814602042683543;1.5218108833581043;2.1481383699043484;
0.08959546438177174;1.5112102768957718;2.195784581153065;
0.40362985451589434;1.8792019567096123;1.9964110314599655;
0.17260301202778805;1.4789250830280607;2.471285868756864;
0.47751208458748007;1.4481569896567652;2.144895674855489;
0.7291260963087748;1.360373361838166;2.299195154260017;
1.0587284339051275;0.8453230950047429;0.526312014026701;
1.3210756534691381;0.9784962898677716;0.6663873492917938;
1.6775232880552606;1.0837858055874587;0.5909210696661663;
1.1706779344793767;1.1979826805476088;0.336880851604043;
1.5208205146036604;0.8975442173961166;0.22907907523845727;
1.3135768947814386;0.6883305686075307;0.4720050284709868;
1.4380815614720641;1.0293057849236305;0.15363569764633106;
1.4518180426439422;0.8076906824660092;0.4309114205794666;
1.0293312291332908;0.654423997404816;0.47729059555905023;
1.2452323864699444;1.1291776022264026;0.5171956430502506;
1.2895769007337041;0.9729617269055854;0.3986166688866415;
1.1323626621568355;1.0782899774981094;0.5370451714381903;
1.1377808563972618;1.1321343686514844;0.6597978477363702;
1.22923664314932;0.8090110599706594;0.40229980552419786;
1.3542417965854583;0.7896246866680293;0.6503944684798465;
1.644233222966618;1.1301317256473853;0.1458092217753168;
0.9471473303192628;0.7736547094532263;0.5716807730525506;
1.2451195166388704;1.3057232897719522;0.49319641074041676;
1.4841425315913965;0.8819323972530019;0.7755208849718774;
0.9632168111276251;1.1963019358176221;0.6407580802574804;
1.3953996653073184;0.7767472424849196;0.15749436359390767;
1.2100657563407522;1.3227283405783357;0.33570848781840235;
1.0986593232640498;0.8941700133026422;0.28138095763048177;
1.2711353613327532;0.8534697629348541;0.2568095915396814;
1.427580909844843;0.3630547486890394;0.46594451650109703;
1.4984219673696524;0.9318925450381318;0.2963580890231807;
1.3558862370727582;0.7091567216069352;0.3395856091740866;
1.3904649388509538;0.8801814086357415;0.6753842306035174;
1.1046387388395706;0.9215787586268626;0.3097452328417123;
1.4012538748744605;0.9269198180567763;0.2555821598066436;
1.459951956917856;0.7068886145527411;0.5946210982639197;
1.1634621920599326;0.6710795380970018;0.11879066994916787;
0.9529277472471482;1.0383275549235718;0.6073343955814091;
1.5566396249568344;1.044772610445144;0.44686937398910875;
1.0948373084890857;1.0595092150958727;0.45622830583928764;
1.193734068336759;1.1699100998516623;0.33419576778054494;
1.2772678362693073;0.9709166022412989;0.2601809832156853;
1.4893944052125905;0.8564387695277891;0.5519767569345099;
1.5822962724799505;0.9557697290657611;0.44453623469518627;
1.604456231439047;1.1321586432032935;0.5386312312366197;
1.0071979057795475;0.9091025009049062;0.3060118855279879;
1.2453565077386821;0.9931643102761181;0.1695788314592132;
0.9527956696110631;0.9147308304266802;0.5892482388968623;
1.5260969376915992;1.008492076684518;0.4307642680202475;
1.3694689940008158;0.753037219917336;0.476954651952021;
0.7014508923821786;0.7444106303075947;0.15064834023643403;
1.3528953661018113;0.5498415451385117;0.7421428653383065;
1.088096585795641;1.270808010560167;0.638771751336535;
0.9895477753720557;0.9977576126046828;0.7037087693267718;
1.1664499804697137;1.3338306766829409;0.49445572108326774;
1.3093062187194184;0.8269472046951808;0.6594183722478365;
1.3589583159932073;0.889733542561533;0.6960165975340218;
1.1721675801537474;0.7573486301471278;0.7425123846257258;
1.5001454269412768;1.2806704294551763;0.5236801813957301;
0.9538425910059214;0.8246902489678629;0.5978255947441895;
1.1589439130883337;0.7478888008053622;0.4020408906670156;
1.0795832986506073;0.6974275942207739;0.5829104049971328;
1.325557228028805;0.8845051917639726;0.1962015970150355;
1.611194490566982;0.68311868358381;0.21710396600782722;
0.9882062631297703;0.7605183862700766;0.5473845353554725;
0.9147905115425847;0.8005048584327824;0.4585563008396861;
1.6406785361124;0.8375083094863018;0.6232005817684292;
1.327488737109691;0.6108702605483856;0.2618718919159272;
1.3048535762193405;0.683930737645091;0.24506131999937944;
1.309129022317351;1.0507629379210206;0.571966504578473;
1.4821719494156194;0.7559918533208876;0.42521915331606375;
1.2406795791233867;1.0790502438782381;0.5204767564865256;
1.3497698851762032;0.8993207472614151;0.27387890975468504;
1.1389161659182965;1.1679818696051008;0.2521493487516562;
1.3898700414317837;0.928117009804391;0.5966844974927998;
1.4543213452635257;0.8499456423177959;0.2359078963104822;
1.3183491533262053;0.6763819124159863;0.21546910741812167;
1.3347404496369473;0.8130319854573799;0.6190485256608527;
1.2416203289922814;1.296464226711105;0.4959309467007843;
1.5332699141934967;0.7754413342478098;0.7381418240721531;
1.2930469722267521;1.1387566234032762;0.5544564410128172;
1.165890177670554;0.8639935396659446;0.2899572853546241;
1.133198609015513;0.8905242625703541;0.35768956886430414;
1.3525603872609067;0.9960364029635966;0.1117648689494018;
1.5854875214686193;0.8119926277684377;0.07657570751213133;
1.5626047909138303;1.2391530832615583;0.545991136892231;
1.4900502572243244;1.1635094824479686;0.4411980203297435;
0.7186057163601576;0.8228268691706576;0.5771639215092939;
1.3626877011357093;1.0181746920691384;0.6311776270221587;
1.5054171868427948;0.7087530897497869;0.4699024874382205;
1.3539707381243031;1.0220682148418685;0.49305210146770334;
1.4123361362099454;1.396942838203165;0.4724035044716721;
1.3912404590126852;0.9268639004068492;0.26481939244077074;
1.0122370340348361;0.602925486821382;0.3745278128696007;
1.0382216663221633;0.9754329526615358;0.4133005164666033;
0.9349965282959365;0.7478056237554128;0.5245039944687359;
1.147215257813639;0.9021163022672468;0.1483052834674531;
1.1980141878660857;0.8001572015185457;0.24985224739703304;
1.2342627360634972;0.9018870840669231;0.5347690502669934;
0.9580063759843978;1.0699333028635196;0.3271941583684238;
1.4103647093290945;0.8707923154177846;0.36961828952257214;
1.2189063905988424;0.9528274980507161;0.5368509082984336;
1.5447551288740793;1.0396672086507361;0.33335759562262196;
1.329359448339859;0.9886377618774125;0.4275379711678716;
1.0899426852056846;1.1287935214729385;0.44917461236108197;
0.9948969786464188;0.7795089470938357;0.33348629533169627;
0.9310689199518003;0.6434094092415084;0.6205597513539594;
1.7550150787110619;0.9870303455670537;0.45074599861745757;
1.0516729643092644;0.8613584059673504;0.49825098963790493;
1.6306772129264775;1.1196903992051372;0.7408632514119704;
1.1577623833486363;0.8612319188070532;0.5941772350205853;
1.384497513000811;0.9860528119252993;0.44920283740736633;
0.9290902567869932;0.8526690913492398;0.279121711057578;
1.6260934265992755;0.8244925563627035;0.5958736809577588;
1.2688055748444091;0.7417447653945008;0.42461732445390676;
1.292068381818958;0.5938778769293366;0.6216902721925512;
1.221446304432109;0.6816617842176199;0.3714687135594595;
1.4143646423030354;1.4776177640103083;0.45713732518025335;
1.1767250939548415;0.8581270598611292;0.23752776776110734;
0.9613134503315299;1.2385176708230636;0.36929316065209994;
1.2744586276048855;1.103538579949044;0.6570380310234138;
1.3746110352118395;0.5681131972554764;0.4674165756446395;
1.2396103703397694;0.8242609091672847;0.8351501892558004;
1.3168685844427777;0.6483928552900948;0.3989472169083431;
1.3730260836216712;0.5109346120594486;0.3466896024222056;
1.2149094656238162;0.9602847166402106;0.5231827695181362;
1.185877526110261;0.9619229636375431;0.517589789489206;
0.8411211367930562;0.611551691402326;0.3009478332689137;
1.1847419625576363;0.7770317659040484;0.2546791986930881;
1.544215491452292;0.735467085150467;0.5112628807303389;
0.7881968458437236;0.8451147098282501;0.3892464064922147;
1.409073755303342;0.8575298614380702;0.2752853124659094;
1.0226132904441556;0.9545899568642663;0.3906150114908953;
1.0876780415379055;0.5886572560552137;0.3266579633421692;
1.0505531567301345;0.9452201718301375;0.3006897932446929;
1.5230701603120598;0.8217402026277618;0.442210084886278;
1.1179821716358727;1.069634232963447;0.1396539254311775;
1.401733239725532;0.9863635651396794;0.3576959169134962;
1.5064583693063323;1.10208654430369;0.5764608921496012;
1.3610876636979505;0.6271653730405575;0.21561157271519138;
1.1835490109730407;1.2821583563876437;0.5852732271503935;
1.2664704873191772;0.5964597167031183;0.27554532007586696;
1.2774255488583974;1.1455843212401677;0.7879603414735289;
1.0283413451822787;0.662116993390983;0.402141285704152;
1.1232986532081701;1.0887097257064995;0.4759088278632693;
1.281976338649172;1.227048105989714;0.38198118895186334;
1.2739397571289888;0.8600310134167379;0.15509905195335782;
0.9477985863155605;0.6987603280268562;1.0813259151772208;
1.61567368898062;0.9349062186240109;0.40028601081397336;
1.465784628545324;0.8852549747496217;0.8260055100759097;
1.2547868996681832;0.6719172366927314;0.4261399627159727;
1.4322803248763658;0.5979502794107241;0.7194858186575436;
1.237071272764259;1.320446341655301;0.27835588744634654;
1.008774992829556;0.7571682340721448;0.6766458159371;
0.7580965358228479;0.8595540028573954;0.42299286925542956;
1.3545009325278814;0.9066050192556795;0.31148733232746995;
1.2454951838821706;1.0610524525453322;0.08644596093824847;
1.3120191354535744;0.8130717638341093;0.49763684886471593;
1.2452444136573766;0.8189146411265706;0.5033878771341825;
1.1591282689140443;1.2446245464859058;0.47999895777131646;
1.6806998966649689;1.0859996744457232;0.5069696793804523;
0.8961858310451225;0.7527318300991415;0.5202906306236224;
1.1572921258387387;0.5256309724194029;0.6534211393424177;
1.243393996344902;1.1345473335235492;0.3224253207478224;
1.1559228346002586;1.324107864383505;0.5615831962513244;
1.3562384678672952;0.7937051479589753;0.4879531422795162;
1.425019812531498;0.636172674407679;0.4020842526619621;
1.215385272540941;1.0449675317674676;0.44204054665657017;
1.5676215135131866;0.5983896642066795;0.6361399178472091;
1.450319686585523;1.231041226978277;-0.006318012556432162;
1.4242811679377683;1.0716114574812783;0.5126402163842907;
1.370870183169941;0.8277383718345799;0.7423627410179416;
1.0150469406766167;0.6730304180838471;0.5121284527207663;
1.0489697716675876;0.5552781761930946;0.2806154069281414;
1.2371535777660652;0.8014414655802591;0.2815074738569924;
1.2689422742396559;1.033236201898808;0.23178507712198335;
1.2116744567744422;1.0713548265143669;0.1925108728327875;
1.0051147453687876;1.1478013563754854;0.4383276621537529;
1.3310985630268792;0.8913188411690522;0.20494387493906702;
1.5746219682895268;1.006808479648024;0.6663056912056101;
1.4110968108274267;0.9177978967800726;0.4366177274097652;
1.6376182206614947;0.9239513589644298;0.2881958020859322;
1.1371953811933175;0.7112355883104885;0.09287448022210809;
1.5220444204774692;0.8759394269504869;0.1749496449987867;
1.0066771209617458;1.147038865947111;0.6025769617924851;
1.4439567273518388;1.1326515207601786;0.4453318522126039;
1.1330533742245583;0.9173162448381073;0.4789868331707472;
1.3634091006758773;1.1069374608222882;0.43907847231351366;
1.084142330102951;0.9841575329211881;0.29536074897952735;
1.3742580686799748;0.846128277327513;0.3456651284069904;
1.296050066658691;0.7618886126355996;0.21817950237930903;
1.4405079838431605;1.2754436962787694;0.6201538153339795;
1.1071245620488068;1.0999318928782729;0.660450038886584;
1.2782181681903244;0.5333574478661438;0.9231159602615583;
1.2957198353665091;1.2483259337842503;0.21915689121671525;
1.492359068947635;0.8960568365626642;0.5098426743979819;
1.5362260687848857;0.5615237798141497;0.4375162110392915;
1.3439625358292293;0.8417102062455634;0.14556442044169648;
1.4802542281868507;1.1167994245136177;0.34342459984977247;
1.070970443718417;0.9289135818242957;0.3995442151629894;
1.4496456338354902;0.8414206448316406;0.40277643503484356;
1.4063358091904492;1.1412744963209158;0.5723204650720531;
1.1747063868628134;1.0590904619187889;0.22435196189637108;
1.2220052130797705;1.2374129942305154;0.3427379935452999;
1.1122604476971225;0.9091567651697415;0.6458348448716043;
1.5818357031864196;1.1684705128351291;0.5216534849984791;
0.9560085143602683;0.4597388218419783;0.5482516098756816;
1.0363271534908443;1.0995802413282139;0.38382967237279136;
1.2825981977532726;0.8279433159078675;0.26871337489845404;
1.3699082025108766;1.4022284394511115;0.5262338754494615;
1.062658568112759;1.0660491971968462;0.5425721800990637;
1.2159692739438257;1.0121511548821578;0.32447720092091975;
1.0833546019075584;0.7684483035503655;0.49930141087079644;
0.8798852857362858;1.0419112139584874;0.3873013789272527;
0.9479130225367249;1.1482062152328736;0.3094772070714442;
0.9446954850174991;1.0329809642475156;0.7983245098964113;
1.1945727066884229;1.1461459661475333;0.7762398167253437;
1.3563853389619724;1.0762407972597605;0.19347220431738535;
1.3807446685088782;0.9696868681496615;0.46745338554064264;
1.3897692109664934;1.2969685495414358;0.4118845290641562;
1.486550876293913;0.9010679986145048;0.4291070452876331;
1.3227831824728522;0.9496398798571801;-0.004617024292632499;
0.8031208869638434;0.8945630967853694;0.5286701133212599;
1.4603355998020473;1.0664246770845855;0.3292336130666172;
1.1324593946409036;0.46942135604988766;0.4672202147281226;
1.1677567070479749;0.8628493563862932;0.5331326007671394;
1.6077835966676866;0.425374068508089;0.5339278943076111;
1.1622107550265164;0.9914339101235616;0.6295866754017858;
1.5321734771714168;0.7656251230695533;0.615368699852338;
1.3962714931315958;1.0401596966779132;0.3902532631799617;
1.6380351841967329;0.8185063994318166;0.473229754366963;
1.205013140519158;0.894493999324241;0.7143708703358689;
1.4716369239009919;0.9557630194305918;0.28609029711931555;
1.5958464375522596;1.0206810867294898;0.6351265672821633;
1.1318095085281157;0.7058192570433622;0.7327188388260584;
1.1525751857541848;1.128476600790413;0.5664439680349342;
1.6147631787014571;1.1951158267733268;0.757914096386864;
1.31840377267059;0.226540849595105;0.25962935225283024;
1.4054763145580775;0.9772497607255415;0.4165300602517527;
1.218519351019456;1.0711533945929124;0.32182691436233335;
1.315270520359934;0.9452390648304133;0.27155358256761364;
1.1915859734670038;0.9065251607569014;0.37545362661271287;
0.8261110098049976;0.8330545350464662;0.6278553124656663;
0.9708428394765347;1.0533384374258479;0.5044829284478627;
1.4030049447350996;0.8053110003296083;0.49853873165655016;
1.0907297016337236;0.9289883475224029;0.19196404194849226;
1.0610514689222332;0.7803602573820254;0.41794726344462335;
1.38573405798122;0.7084690217043561;0.39881872973995297;
1.2460438719940208;1.0118147048992459;0.4596747794875595;
1.0464814144769687;0.7882780323205973;0.6432139723791689;
0.9461118850159184;1.098566331221566;0.4084910868007163;
1.157500073091043;0.7995868332397029;0.48095669340161173;
1.4696578358447758;1.2037788120439532;0.6117689903008003;
0.7277837757868897;0.5526770798941346;0.5229626538502018;
1.187373980901038;0.9722278531964703;0.5844624460529163;
1.5079482574165857;0.6200003424230336;0.5423809536138131;
1.3496837875642507;1.121534034935213;0.5259034294199627;
1.0465989337351822;0.9093049469685858;0.6258720865457845;
1.0332662124071306;0.9926067908729223;0.12336846089599823;
1.3880313893074443;0.7740028393547939;0.6497483256920077;
1.3008338144305118;1.2015880567513642;0.15940812039082308;
1.2593191389011926;0.8649054776723023;0.269214964226309;
1.330904127115927;1.0589824266116827;0.5362177961116323;
1.0161284162779431;0.6486024435595136;0.3298312181259187;
1.2152797417702377;0.8599210703954393;0.5287121553922279;
1.3962751690591189;0.9756881932790868;0.33144819994043356;
0.8939764364214611;1.1204431895201306;0.44233260123643275;
1.0199083128532342;1.3229855264029649;0.2810344854171386;
1.346148844309075;1.0449772764268699;0.4440600770070099;
1.0639645325608893;0.5622981200887618;0.2661273999096695;
1.52352472911557;0.9569523706327825;0.5029837548486662;
1.3220070736985707;0.8725934246532565;0.6212939722633123;
1.1766211299966651;0.9955037025938592;0.4139504774892963;
1.1964667918779799;0.7323537632563488;0.19165249358823966;
1.3210266500721974;0.8043249717226988;0.1760463945795239;
1.4672593515955237;0.9603217416174982;0.3081317609969884;
1.0893282181158968;1.138664227771702;0.2821718701133341;
1.1506688240142091;0.8537663524618789;0.004238962974659366;
1.2515932470513977;1.119865289644963;0.4829955500597116;
1.353845956235328;0.6863930419170928;0.3942938623181361;
1.3300574161916379;1.4203449494829434;0.3281306647150585;
1.6315717369744238;0.912834531900799;0.5775997999217035;
1.3076617202996823;0.8863376420161901;0.21936404499142606;
1.5009437435604318;0.8435945345735667;0.5745956254853666;
1.3976007914564186;1.1846775257276476;0.1774995305364676;
1.280125005084965;0.6678023249681504;0.44238668739530673;
1.042848077604995;1.171245607825346;0.2691855719087892;
1.009014025095933;0.46540747168705116;0.1799064597823714;
0.9613785628591294;1.0238690696809465;0.5371298202730955;
1.6577250516627142;0.8909747320567799;0.33846709264328856;
1.2134917149690863;1.0412552537974853;0.595305331035132;
1.0483948949799893;0.5687581384348388;0.41002763444761936;
1.1667412973988511;0.9668163354139709;0.7568945835775;
1.0693675009054138;0.7877017667062862;0.406517059410003;
1.356747063000291;0.9823146794408029;0.5524267509893555;
1.1281591202642034;0.7625085508145395;0.549319810131413;
1.1936950061148293;0.6767100115018042;0.21149487935545766;
1.368329716599098;1.0075055056990485;0.6763909436774505;
1.212134326958888;1.2252997161738048;-0.01575897361488854;
1.2144306807770582;0.5943754954926805;0.500109386014463;
0.966306439154906;0.6667440074943669;0.5600104954000688;
1.3625466408262326;1.2311569249294183;0.4557995254647717;
1.4749384082979982;0.8919714177945589;0.5080323873876872;
1.389299024792658;0.9539528420327127;0.32515104337771333;
1.3303349232213812;0.5772803546953672;0.5095735702617197;
1.2352255164684895;0.9227284847164743;0.8690366102502376;
1.3144003499822943;1.2013822452828333;0.5672285518272381;
0.882939922235652;0.8148216188427231;0.484378493606328;
1.4141117446373705;1.17277580707062;0.5773833837571755;
1.5365772357029075;1.205374719885595;0.6778450518328349;
1.1210978563344713;0.7613188870226786;0.5718935439140249;
1.3005971630059474;0.7226144577985033;0.7741466146167171;
1.3393674586355062;0.5171726633503483;0.28210063986999934;
1.0403932320262321;0.8779178247989757;0.11561418996131717;
1.3072136224883368;1.0638962462550685;0.3128171364022295;
1.3059802817788217;1.2591565533950413;-0.03650471787890619;
1.3285376484063203;0.7423573238247569;0.47061584158317205;
0.9323228821547023;0.17475277122504076;1.3145599011482179;
1.3857684253346123;-0.2147282392627815;0.9617865019604364;
1.2194570173072243;0.04105923082982926;1.0742386702679798;
0.9205457207983478;0.38253121618474245;0.7545140244471115;
1.2410653218106216;0.3227975115207834;0.4736783564929877;
1.218784028175317;0.3288563684192093;0.44501565462079223;
0.7457553013445591;0.11606039378522465;1.2735243083281211;
0.9865749104239642;-0.012985243897593104;0.9246262208032239;
0.8660954708862842;-0.05681207713476458;1.0586757908001692;
0.9638468641622656;0.3175288487251344;0.6035837962077286;
1.109802178523712;0.2666031430369158;0.7313060348047755;
0.9103698042149523;0.013991260323464552;1.059782340141787;
0.6497981194864462;-0.01777581507665152;1.0160284369157428;
1.1425942510511906;-0.2754037975664555;0.4546668482559133;
1.006910119025832;0.07370638698097412;0.6408450480430316;
1.0596974296414206;0.21637494989315054;0.8196663108920218;
1.2930837158965094;0.3801546248951021;0.5896692903983625;
1.0718044742404622;-0.029271099955642393;0.8089128797000376;
1.030324916372112;0.01523569400903707;0.8511860942575051;
1.2345117703463298;0.17697331163423713;0.7345995800043169;
1.2348449880869092;-0.009329433821996136;0.8103035610883282;
1.083953122427671;0.038271776226795486;0.8719374892591587;
1.3186722181828987;0.18537802586804325;0.2827989488390804;
1.1189914487214587;0.34987669411750716;0.7572274190497528;
0.9540937658246842;0.07898649143831958;0.9417309813233405;
1.0200671005795836;0.1126891702024879;0.9238396118834007;
1.1440398923977064;0.3459089439371187;1.0394035747703398;
1.1694381765163975;-0.22321514174867063;0.804057036170645;
1.2705064669461663;-0.10326586026248671;0.6465502317841585;
1.0867795072124544;0.14402634786347368;0.4493353407317592;
1.1479182773082888;0.3178412177565072;0.8791222158269815;
1.0312586176151586;0.0993400658907054;0.9454929112098289;
0.9587586452364979;-0.28511129498982596;0.9835760265152425;
0.9706994125868638;0.022208029096640117;0.6540319838233282;
1.060887297388656;-0.1110859751077756;0.694925362969845;
0.6633647361868364;0.23256097595177022;0.9744938989517256;
0.9209566950088304;0.15052734641095122;0.8130797802124767;
1.2434455193147675;0.2794437731582924;0.5975206377070148;
1.0185512249193847;0.035069653434506964;0.9379454972599237;
0.7240890716374893;-0.3271221265879763;1.232365365367587;
0.9155323763429566;0.01297345275886283;0.9452889452077735;
1.1001713879078885;-0.04130863912051161;0.7005055831563808;
1.330139113548313;0.3185707341452186;0.568122289191034;
1.2148404108460633;0.3765105616649924;1.0044454614729763;
0.8858152635080109;-0.04592883715651025;0.9305337976537038;
1.2321060031524254;-0.02744620157769917;0.8316851805038332;
0.8157943295952516;-0.06487293291481683;0.8990966666638088;
1.2365273332071913;-0.05450227909467373;0.8351269681007042;
1.1179633047830646;-0.0414263281245256;0.7977608504191148;
1.314739852202207;-0.1143516574717772;0.6810071983030355;
1.3501036339015315;0.06147216194209464;0.6420637079541683;
0.9407157810770483;0.129962267183554;0.8352630089254778;
0.8271074860810482;-0.008238314092125776;1.0539272467331058;
1.117952366148891;-0.06615487896857619;0.6854714892369589;
0.9669065778909955;-0.126503381475578;1.0112207549151744;
0.9241879161015891;-0.054485910135106536;1.084270936193657;
0.4730433035007038;-0.018583037308504816;1.1216131634882338;
1.1831605803794714;0.18650649821661786;0.973404575270069;
0.7994308698104136;0.15181022471329658;0.860916541073311;
1.1656320828195528;0.10723175753573941;0.926240305530494;
0.9017198703524889;-0.21545910522856115;0.9341793450913727;
0.7939797108630415;-0.06051985905127852;0.5149020035008999;
1.004390457408221;0.20897834592349007;0.7752173214871926;
0.9002943188656;0.24357455807368567;0.7651918554044065;
0.6623267230135697;0.027212654611515848;1.239246058406906;
0.510691223864313;0.3321613623375692;0.6394937348789481;
1.041081468026357;0.17867568640117437;0.7241461280083452;
1.1565983365124841;0.2165043053493445;0.5330970742836532;
0.45851741202891283;0.1987449118279946;0.6389048870565344;
1.1721028655800079;0.255337493051805;0.8464771997419306;
0.8590634840171476;0.08856428558876839;0.6394882666739199;
0.8785266361343924;0.33361246933823;1.0570279677347985;
1.0750085533434477;0.21505967018213631;1.0696530736521037;
1.1094645494683033;0.1929540888329228;0.8178093791666647;
1.0337811299195374;0.19163525198561407;0.7347823206243275;
1.2430071239159388;0.10288950513302207;0.6378781532157393;
0.928684173437438;-0.19660944561018318;0.8536094478658411;
1.1745796329385068;0.11891281605021334;0.9105023081193032;
0.9800383907556258;0.5678926423098182;1.0612028227433512;
1.1097427558127286;0.16224250127985507;1.013150809810341;
1.2111447589654674;0.26573005616582757;0.7073229547794981;
0.7869729068512112;0.010773261186629163;0.9570286040851681;
1.0274105973798948;0.12791390193669513;0.7390948381089728;
1.0247948606287558;-0.11081138509980304;1.0598727449128982;
0.8904722675446861;0.062443181643814;0.6200166693654099;
1.1212047395143896;0.3955959876319294;0.760294765105327;
1.1274399831971733;0.10797006259434117;0.7421981187487333;
1.0788695500168848;0.048787609894390564;1.0393771834596723;
1.1289691398557338;-0.0988235992334526;0.7629900869425184;
0.968906549932349;0.12044522394377735;0.8066663379505555;
0.980913076320668;0.22244722757954474;0.7262205544462204;
1.257261121653821;0.11404162098328625;0.7510273135542946;
1.2363989734966054;0.4576999941044468;0.9066737250109388;
0.8307264959198976;0.23608091285086164;1.173217818684811;
0.8626379147831154;0.3452244211627529;0.9377324954411094;
1.154104109681634;0.16598687224353145;0.7203802704995365;
1.5919132307203085;0.12808186012504072;0.9685233555060168;
1.0739218405556445;0.07091926892145343;1.0113800154497674;
1.0382112564123416;-0.28001453349981575;0.46424527824934053;
1.3352775414192224;0.1884650172425183;1.2941606902657103;
1.4141744201739999;0.40014479922290336;1.0612599154006268;
1.0796985359033222;0.3635786861348014;0.7811243211776162;
0.6636603907743583;-0.10504316857272028;0.60132119328334;
0.9866009147619156;0.5150298838834262;0.9594652530846393;
0.7073358311617326;0.055797512964298385;0.8449747125784461;
1.3757128020301126;-0.4165835442725059;0.8624427156537446;
0.6418163710974152;0.3045613547478411;0.7903066568239797;
1.2203190558663857;-0.11152099387249659;1.1310916110850022;
1.296038593418014;-0.3443009819351585;1.1279142330848773;
0.7667861672326854;0.03932266056628342;0.8048934482787526;
0.8606677612837372;0.691646889455912;1.2374251639728724;
1.038479165482086;0.12950791741090306;0.8098304477121695;
1.109276221738774;-0.095944292339804;0.6256332114607249;
1.2861440116837282;0.053018808296608065;0.6351021057386915;
1.401010965872543;0.1959771994796713;0.6020914059701934;
1.1960287055880832;-0.1330166146482749;1.0458245029984314;
1.4417421091544789;0.3355632837299781;1.076777601474226;
1.1060519925008734;0.0710604803616459;1.128738106454366;
1.3453362915809797;0.56474706166516;0.6974921200468844;
0.9616418084827947;-0.022069671889825115;1.1417537402597395;
1.4727151023778937;0.11025378995283228;0.8188648292434039;
1.1156149398699022;-0.023801168854838253;0.7099060792402573;
1.1131159641538593;-0.22875306755879665;0.5760038918631402;
0.8585041269334646;0.37732224963147404;0.7309784343718475;
0.9237834612130736;-0.052994486137264846;1.021555350357479;
1.155117567180768;-0.17109551278289747;0.743964119824197;
0.8471950282622602;-0.22583787387658144;0.9332218423578926;
1.1154610200984543;0.15062037084148094;0.652074800436621;
1.4313758744807619;-0.02326559154944495;1.0252158381092102;
1.1073681522524716;0.06733232710867366;0.898897607785617;
1.057212263351013;0.04957715648529475;0.8701065562262683;
1.0818637804733156;0.3207981339948025;0.6583470862562703;
0.851998506550962;-0.08519190863498252;1.0119951910934186;
1.2881238405455868;-0.1661009028287248;0.6066480832886914;
0.8705940843914061;0.07572797308051517;1.1660556658257764;
0.8641947608065264;0.1960729831031784;0.8827103412071066;
0.8854789099680196;-0.27770709230191426;1.0849143341714484;
1.100193592890529;0.27469251912016124;0.8250646731390284;
1.0883448922006338;-0.1523493031418494;1.1960737598543958;
0.6687538487714993;0.1673302422447629;0.7018793306209494;
1.2895299979045012;0.03330201189140671;0.7530833103666134;
1.4300570084272186;-0.09945669717443584;0.6261442364681676;
1.1069453350510237;0.07199770369867198;0.9042637458660753;
0.9526170354797263;0.06192363042647285;0.5639114942417993;
1.2971130650251697;-0.3626997280527938;0.5954897273752403;
1.0939721218905984;0.2648220948532834;0.9034166953353987;
1.130808562559602;0.1452817266605827;0.6481525616155603;
1.2777934180463069;-0.2454320945871784;1.1539435626473606;
1.1276745671852886;-0.01194767401984309;0.8803518367792253;
0.9789928568763144;0.33489469898285623;0.7629148993244562;
0.5555852201662852;0.02994591240436318;0.8377243652036529;
1.06819900319042;0.04455811910953886;1.1154744717790896;
1.2447814627320328;-0.006700588543202504;0.9856833933713272;
1.0100869280551867;-0.012889573965664466;0.8992913760727347;
1.0497317347495856;0.5969987581852136;1.051670107412419;
1.054381409485741;0.23418945773655775;0.7481358667076775;
0.7355517648955496;0.3654576545140182;1.0721696529313887;
1.1477040020467635;0.12800552565997309;0.8500486571851107;
0.8348289516994287;-0.05206235045589683;0.8563005462795513;
1.2111393226301086;0.2551369347220034;0.7463478273597375;
0.9546935567989603;0.055895865514766156;0.4429768182453154;
1.1905463726481385;-0.022773028735791637;0.9266316888467058;
1.1856710592735136;-0.30034382534475135;0.6455518345978416;
0.8942940555512725;0.28218453595370296;0.8407270411698985;
0.7709479292541352;0.15091692902774234;1.1799414389436726;
0.721630999583815;-0.0052767487409536434;0.3830642031781697;
1.0517684633512165;-0.020041816485436792;0.7488096481407482;
0.979925144972893;-0.0021386615896820255;0.7190749514705804;
1.122005396755448;0.2786549357351174;0.5979904605930026;
1.199225486299066;-0.07414969504410615;0.7119890173423012;
0.8189269560865247;-0.022634565027387615;0.8260921117620131;
1.2045654269230113;-0.3742026464488534;1.1296912200696325;
1.0733273188208208;-0.10922369059275283;1.299641459427301;
0.8997645257450422;-0.23057652835669062;1.1428656093278315;
1.1946886401052554;0.0925772013583778;0.5439652155358551;
1.0893872220243557;-0.039061072443772216;0.7961748495093961;
1.1947089164177924;0.16568764365972077;0.7148915582723918;
0.9803372034755203;0.022684975569517166;0.7426722840872189;
1.310632430344137;-0.38732285180739773;0.6594867760312342;
0.8241937123200159;0.3129546227130736;0.9421624813343342;
1.2002430506143342;0.0848403762902048;0.5786457822605415;
1.127962923702024;0.0208494979258098;0.9215350058227973;
0.8744893092236011;-0.11194102442462789;0.9077126244121732;
0.5871260252295938;0.2942193607896539;0.4052796497960997;
0.787152272320562;-0.043517970604165096;1.0559506112495507;
1.1285815230907272;0.2347412250985079;0.9428833592669708;
1.3502321206902266;-0.057686322526708494;0.46043439742051706;
1.0435764170004316;0.13864948330776972;0.5787335018835276;
1.0501896356189875;0.30231648740092315;0.7977658108120644;
0.8066705369878159;0.08429682837541816;0.9289397586398217;
0.8928024690809433;-0.061002618004627224;0.848978803366099;
1.0071945763992272;0.0630616489965872;0.7937903741590524;
0.7943404480064596;-0.05902299215583884;0.42980382926762545;
0.8630529184276419;0.04372193017394027;0.937180903553431;
0.9279329762251741;-0.4392420539403745;0.9067622634347232;
1.039587194222084;0.010043614665065065;0.7187612520804623;
0.8602518849039777;-0.12214197563151735;1.00425433615028;
0.8946085587878765;-0.1428856812300815;1.1185434352472043;
1.2622317351429324;0.21362477859008114;0.6607725623032702;
0.8148705570075879;-0.005841409322690311;1.000008411103765;
1.0871607267108738;0.09233157403203925;1.250121275305365;
0.9956152109034199;0.22342676280015833;0.8990409135000454;
1.3017493217183749;0.008952959795848356;0.9367152788070954;
0.9543395561328598;-0.024827882253817476;0.7822722601716885;
1.0858227599019048;-0.31150125805666123;0.8249473923639423;
0.7885972625211026;0.48170678423184715;0.7896956621232759;
1.3266499527982205;0.09346343707518151;0.7367412837963121;
0.902163160698185;0.39915196645648443;0.240240195710671;
1.2526422895642242;0.001554149587042003;0.7079554693910171;
0.6793110309744714;0.07480436556824507;0.7798426773988837;
0.9012984479720894;-0.06662792299536327;1.2165899862972158;
1.1735748764207208;0.08863138520447429;1.0867301570173065;
1.0906028892681743;-0.22588187027866702;0.6049576995215414;
0.7454939587116785;0.00968877221672175;0.8295434707679968;
1.0916515848946182;-0.04899481890501042;0.8885018938129935;
0.8470653054619744;0.5176794184472033;0.921595147272898;
0.9139222244592454;-0.4112802301536828;0.8586728366427595;
0.7723118523289395;-0.005913099011968778;0.9163282350733982;
0.6339565313982125;0.3719664814996787;0.9079563046947543;
1.1956147509350878;0.30176997764089575;0.5352003087807828;
1.2476071038184011;0.3200051326751665;1.0141564178497273;
1.2785494143384049;0.1660158593628293;1.0654188152554778;
0.8857247725988459;0.3932296771144186;0.8268003123188238;
0.7350567250089002;0.24117874282806953;0.9467600971825115;
1.0851023108023248;-0.23907405527240044;0.6773658854268632;
1.2401595607008291;0.1911387591589634;0.7741719091183961;
1.0547759906557543;0.11816252872062152;0.6590136885250399;
1.012990288467902;-0.2812641275601244;1.2218921277824544;
1.050533339797902;0.08458233478946772;0.6833589045093043;
1.138416345423562;0.18183159195164889;0.5966646007808224;
0.9800237209198934;0.1420895807907182;0.9079050700350755;
1.0342315064965812;-0.02870533397837248;0.7995150997644537;
0.7872527733880619;0.015056963998512987;0.8340571259388498;
0.543707832025829;-0.11828435937094633;0.8977428984154959;
1.2252908734493664;-0.022732967450752622;0.6170264418143929;
0.8480299267876517;0.3229972045590241;0.8532822122300446;
1.0287672442239708;0.19520368979866526;0.8332369070934057;
1.2700432136389994;-0.3757584486219828;0.7090847764811057;
0.5957305332802902;0.08968668724732348;0.4370904605737057;
1.252293900632232;0.07503108573513495;0.9371086591503623;
1.1381704844199878;-0.007744236344468178;0.9833921396760714;
0.9533475951735924;-0.035470698051896565;0.7836791210887674;
1.2045757170364426;-0.00358968370656694;0.7287518345789736;
1.390871100265974;-0.19408634776254502;0.808826649801949;
0.8964023685267447;0.5574785260062898;0.8871496796471298;
1.2549157857812536;-0.09754048689077799;0.6848360067474059;
0.8788127074922385;0.10905999327174895;1.115960943025017;
1.1059413273063385;0.32926372724443465;0.8650269075024655;
3.4698849163308347;3.754850481076012;1.850715588165674;
2.956047171679358;1.3408324906679887;1.476081579350935;
2.993744218969748;1.5094585922583903;2.3409031903794686;
2.6322386233999744;1.665299415805844;2.214127038718056;
-0.4393647229924201;-0.30046506466630607;2.466430074656562;
0.789552915015947;2.0634069250646374;1.5725204307673355;
0.8438740669774643;2.562383892431867;2.362459027039831;
3.673544831260565;0.4052213650465888;2.720914508837105;
3.254409980686842;-0.3877550361374731;2.544312441162037;
0.3446517382886649;1.2059310745000218;1.0220218528886036;
3.2476133266080156;2.2385039526785073;1.5610576198976744;
2.884559860050099;2.5309245355083165;-0.3944562731870438;
-0.4519716101696477;1.6031440127069971;0.4250177812296534;
3.1123152582976488;3.4166045893371497;2.300866890859006;
0.7886578056349003;3.936300291258508;3.5294910725682627;
2.800768939934049;3.9779561677763207;-0.06357168384564099;
1.3647829262315603;2.991543071669062;3.5421146035298694;
1.6544085483869466;-0.3397102057505117;2.2946378044945726;
2.647357428321716;-0.06281670624030516;2.3451376937941326;
2.726426992374186;1.3532120674974402;1.5689451331250384;
-0.040775232974615716;1.0925710879931931;1.1782879764093361;
2.914930674369415;0.9569098718629543;2.160775754255013;
0.09631508617295548;2.208597269790964;2.1277355733937346;
3.7328622993778824;1.6974436736648166;2.758810372462139;
2.3440420920474825;0.37739516579300747;2.734668549746506;
3.514312138422693;1.4629989293283874;1.1900699830025143;
1.1507300698094842;3.0990113004940874;2.4688880196159135;
2.3206457998668166;2.9469580687291645;0.123530981751789;
3.340392810961379;-0.3575859838000512;3.412260530649985;
0.2859670697205551;1.1672013060880086;2.843028537363759;
3.27782708331036;-0.0020411504539242786;-0.2795943400440825;
1.8839762423258835;0.8010990790631973;0.5109386296066019;
3.0019834730783055;3.2100527025613768;-0.3888220321574114;
0.7718243806801128;0.26006779014699677;2.289911469912621;
2.367077137692322;-0.4925612425179842;2.5587692329804925;
0.03408977828731108;0.8900866963550054;1.3225811566815593;
2.733983744115618;3.3678697891385285;2.9320122388950303;
2.897950041153352;1.4499254219146718;0.2329154374086816;
1.1321564943372735;1.191006468799718;0.09504409690551119;
0.053834459288853775;3.997655443143839;-0.12460916973086034;
1.9205443639335562;-0.26635601492954103;1.9141418867139044;
0.10264725538086172;1.1298931421430625;0.5355784306532831;
0.7566976436591881;2.0337810338443467;-0.42649306333621023;
-0.23224255468019084;0.12466920427511607;1.9675691521794776;
2.2892334723402867;0.5119417093515302;3.5681611296716564;
3.7875618709364582;3.35629619090605;0.7279328165664904;
0.908881371029878;1.8603603234639503;2.398042312843753;
-0.07886559450418623;1.3835056808482418;0.9440220889038919;
-0.42286209921866763;0.18237063476182147;-0.1461630425221423;
3.107343367864421;0.07578025240557107;3.7962666338255193;
0.7347770069664863;2.6182842533249255;2.8430456447686554;
0.26732759761121305;1.0884900146890448;0.23294921317139172;
0.32166914091326304;-0.46869039569129045;0.5211249613526845;
-0.19469620835408058;0.4373517227806458;3.803557159837869;
-0.4029207674995829;-0.3577956840963347;3.845118154401608;
2.965691184085379;2.4550209179657463;3.548333958778037;
2.7792973857258785;2.107360148732781;1.1697547807371238;
2.5412871920937805;3.3463748984661255;1.3207278877866244;
0.654500902452628;1.2683103790120267;-0.266735009718667;
3.5919494776467005;1.5392710079638148;1.723103818146074;
3.077481053115461;0.1460977510710626;2.9927648393576813;
0.4436074942799483;1.6602265946798336;0.3798316436838296;
0.3775726525937194;-0.03016123359416034;2.6386105365935864;
0.05955648027162841;2.9414571311797104;1.4546208078266833;
3.228989898327575;0.7719081820073928;0.9511029084991691;
0.4494317148775493;-0.4101336950798274;0.18809955603062378;
1.768959032041924;3.5326275550686415;1.629817683909645;
0.04399999771011087;1.358662240472841;1.6079350222641722;
3.583617553300284;0.34377513133187;2.0800204121290733;
0.37737878545695436;3.9580002231112807;1.6664983176291548;
2.400644246499031;3.1847044552812735;1.8474513909673895;
2.0923484907339063;2.80805785525763;-0.36712327235576014;
0.15995737458219028;-0.3321552528003617;-0.24652123023885486;
-0.39762382220823916;1.4728205879727676;0.9980232800168394;
-0.10355106791665031;2.535789918858035;0.5594504722963303;
0.4875438059224809;1.2481091273141163;1.1085829269052683;
0.5894635106696775;3.952421513568444;2.5301494907292295;
2.675959132589661;-0.3935203064215425;1.7894109965101306;
3.1763314790531236;2.671363524944046;2.630674256950811;
3.1210255905929727;3.9039629691478943;0.9334479601337529;
3.116447709029724;-0.16924025224165096;0.17382578553349515;
1.7552172777872221;0.019502896607641373;1.1652855679899563;
-0.36121126136051906;3.2815903089521052;0.8921649348198939;
3.6082301856247154;0.853704668364915;0.7297582466856232;
3.2309619167962462;3.523595289790177;-0.4178207460258523;
0.7704886398694666;1.746277156050839;3.6259629719792192;
-0.010590478848007956;2.787920642310507;3.3103182750640445;
2.65933964869533;2.354532315460412;-0.36958469334222677;
1.566691210462622;1.7568205955381808;3.170781894612547;
2.375669556993296;0.05254873571981422;2.8092161437496035;
2.1272482519360514;-0.44042854295891015;3.692579802935348;
2.792360930244658;2.9821377939374343;3.7601704632144983;
-0.32696361674114505;-0.10996434162891511;3.7441784306056185;
3.8856544840456246;0.49353963131552114;-0.09773579491508533;
0.3761730796613175;3.4883695820592986;3.924587296202567;
3.3472020353166627;0.9226948691736876;2.4156900625248965;
1.6694847992656259;0.8489182341317276;-0.45747088114921824;
-0.38706134971914896;0.24084416865309;3.353077619158387;
3.8957081943881944;3.913578251041838;2.413851808905274;
3.4278633525526123;0.19484476563960962;1.6875378995969945;
