1000;2;
0.537148499878613;1.8034199313797228;
0.3593542755141439;2.096001884666951;
0.5616747298418873;1.8400339298979722;
0.6602349259653497;1.8644025689229795;
0.4968885181079793;2.107654243721838;
0.6583294444636363;1.879655592905162;
0.33392211723471255;1.6567233521956206;
0.4355161212356151;1.9858941151068374;
0.2053674873475873;1.6083551358827954;
0.622109788434079;1.8606117634514046;
0.7165692741343719;2.1129044157025922;
0.8410237251232608;1.5201538526075642;
0.5778211091236557;1.5901172442521496;
0.4222066633054017;1.324991560344077;
0.5397577699243818;1.7541170965874229;
0.5226999476648193;1.754766164843763;
0.46174285854178415;1.6157935439884772;
0.25140558519782286;1.46529128876052;
0.42670263832271793;1.948229953114555;
0.47068957819867296;1.7292521703513468;
0.6123953638877688;1.8828241741511311;
0.6568873918099716;1.5666124225022715;
0.3417996222010806;1.920499398065857;
0.7199558129749335;2.1200048669439546;
0.8271574384792693;1.401173670179733;
0.7515604962999372;1.9390118271871;
0.5219915078757236;2.042482533276006;
0.690594513491948;1.6793160014380328;
0.6427445454635022;1.7731108040461783;
0.5035716531745766;1.652189128507799;
0.35920705195140334;2.065424086665198;
0.38858390758373784;1.9614815636677185;
0.44006094001459434;1.8260503114800337;
0.7532035283392765;1.9373853667915977;
0.49444554846982747;2.103116968547688;
0.7619654100971022;1.8260997870694993;
0.44363419804066423;2.0278437484250045;
0.5372185767635146;1.739095935759668;
0.4514054345218162;1.4729619594283543;
0.6197846799932343;1.9741504484907668;
0.4708982491227711;2.1875817435351106;
0.6010199053913908;1.869593791354326;
0.6268339008795155;1.7713611802809195;
0.6822936224050266;2.1130134339711604;
0.32473551418606517;1.4096055052569902;
0.48716950215525645;1.8856410299138457;
0.46305093843744694;1.7046022831555843;
0.6912828260379881;1.6009729986397374;
0.6021022336473856;1.5574394728450782;
0.5152477324162222;1.839512772061187;
0.38093323684898595;1.7800527496476422;
0.51126835009584;1.966585766892369;
0.7510100321188999;1.9128866487002532;
0.5030821240027835;2.082135083039107;
0.7611789469132488;1.905028459767796;
0.5259977422297477;1.5653694813089847;
0.5523139256858631;1.8883374967086035;
0.8780004836013936;1.9134541847030673;
0.6756768544737739;2.1934239288482527;
0.35094933041381793;1.9872613296041324;
0.7101050905606809;1.6032987885373151;
0.6349893792214961;2.1231951350987535;
0.7957804760237034;1.6873402304560545;
0.3966428788712582;1.7590839621172878;
0.8932270895586158;2.117959461162411;
0.5068575780325907;1.817862655859705;
0.27958835905087576;1.833192535236398;
0.590993409523268;2.3153218722909763;
0.27844076040150123;1.6374127138786603;
0.48524279801183096;2.040387423748536;
0.32212968100670025;2.017576728758277;
0.5169579429083652;1.6543343784959808;
0.5341056965763481;1.6354048341644594;
0.3841624186558732;1.9911219229309711;
0.5003503916315343;2.1975232263743516;
0.5388861753707689;2.0477457111323267;
0.19908076165538086;1.6244523865143599;
0.6190138302115322;1.71564565682944;
0.5387699273885974;1.703933347607423;
0.7690603826929773;1.7853528166345372;
0.7866085206855022;1.7298540902871733;
0.46871697715500565;1.898187039073186;
0.7156389079420991;1.7140792695586198;
0.44647846917015027;2.110264886031993;
0.4396167062226215;1.9055517888591882;
0.30390351682872196;2.107916612914767;
0.48094671173536613;1.517234836942856;
0.6643660078163782;1.7292758693232622;
0.9787299794521886;1.4823224613145625;
0.5459469042625916;1.8460200502313586;
1.0785009317945056;1.5174598956729952;
0.49713820842090617;1.708075118673911;
0.34345427939729367;2.171416989121685;
0.690812601142741;1.8960388172857938;
0.5271412433287296;1.9289901394949147;
0.6293277229894862;1.858221351586715;
0.4539301440124589;1.7634415156650987;
0.6113300246647813;1.8919696049901071;
0.3331667914317188;1.890645417059265;
0.41516030172725593;1.884753980542994;
0.6851884987685863;1.8257883884531474;
0.6304710566491504;1.797139382671957;
0.8446683074061678;1.9783164689930421;
0.7605523674281156;1.9070082782060525;
0.5913015701097478;1.7123054120397174;
0.5418043692405317;2.0096004461552;
0.8182862817224297;1.6280919711816169;
0.323810541017471;1.6708215872464474;
0.6603584092288415;1.6677631373784847;
0.7793196454417883;1.8776550129769638;
0.8515431895391967;1.5734262541005755;
0.48765532499673875;1.7963621465021897;
0.44705833577299675;1.9619332384789803;
0.7383367188300884;2.106821929414437;
0.43505076694271133;1.8384322637329535;
0.6669609678030922;1.8883310463685123;
0.5306713216371561;1.6674870026071411;
0.4205569753118537;1.7448457118902327;
0.6052177187685214;1.8877069627734746;
0.5366368344125525;1.7065576219513516;
0.14826867262465043;1.6702972717308797;
0.7585365890439797;1.698489985613377;
0.5205226736701394;1.886537537412173;
0.7258613093570506;1.6643476836088626;
0.8022641710393641;1.865424818167428;
0.9760604827760332;2.191770694545527;
0.6086361325225418;2.009644765834398;
0.8779256580731302;2.082540628654162;
0.5386526879805944;1.8485388217276075;
0.6847821043079461;2.374693609328151;
0.562629038120857;1.7800676934059623;
0.9067534559315955;1.9146656950996637;
0.8004267311559818;2.079933431440735;
0.6009266993406411;1.8544323243169116;
0.5579806815125352;1.8332244506262196;
0.4448440030138949;1.5432419756604652;
0.27039196766474466;1.9229881362316363;
0.6197239432432766;2.070850573309752;
0.5980361707401383;1.4878399665651032;
0.5608757632505861;1.819689272749839;
0.35382995250327104;1.6768475886718237;
0.42564630816394056;1.9741967181496554;
0.029994151693826465;1.8968363144967832;
0.5808102628514273;2.1841470091224746;
0.6447795376706009;1.886076512469601;
0.1963982399534343;1.9399588143280582;
0.2943172923578148;1.6038058846396503;
1.0240832032483103;1.7799350061761487;
0.5976369944970207;1.9502137002415432;
0.18239862039555377;1.911263578797203;
0.4534481300119138;1.7315940582992977;
0.6279883424325929;1.8446011819964365;
0.48792984091166264;1.8779026970903856;
0.08446717425826888;2.0471176882160327;
0.5940740413086363;1.810204218941818;
0.5874395619027004;1.648189615381309;
0.30500210392857774;1.602632692273906;
0.5277477104147005;1.7107461528076593;
0.7212131046567383;1.9202679669523983;
0.3766344347503552;1.990449709155856;
0.8520995663406357;1.9305463101820726;
0.7588849096201268;1.7591438465180729;
0.708726510731577;1.6606373950131181;
0.49662306494155345;1.872570155398178;
0.2686699488247358;1.7480033105279942;
0.27929731285543413;1.809415452643425;
0.6199670217273332;1.9220809952173494;
0.6850078351832801;1.9120691444234161;
0.31472632398286476;1.8218908630771304;
0.3785804023913275;2.0474813612839142;
0.6141481463530072;2.035218093401357;
0.6800890543966079;2.247880115511469;
0.4816684755581938;1.9673246095341481;
0.5882755607537483;2.089298874260608;
0.36245263333823186;1.7837205333196204;
0.31066983998637643;1.9457298005664445;
0.5766022256593004;1.9252900316463104;
-0.025699676554829076;2.059391914024835;
0.5750598648409283;1.8727899292682577;
0.6936673586160632;2.152390602105649;
0.6067265833210198;1.9539589578619267;
0.6862978909234462;1.9594060573830065;
0.5669547630033325;1.6130151403665274;
0.4132880375336236;1.4663421579487719;
0.4910340891364277;2.131748456666051;
0.6113179689907439;2.024355270997634;
0.5826152637741828;1.5390956289766344;
0.4009339917480354;2.095215761422207;
0.6658850015851447;1.66685905754917;
0.7780111515590828;1.614237539990523;
0.4717997560221591;1.8526749794712383;
0.38421301354918064;1.9606110027871804;
0.2082070948827987;1.8305545017508809;
0.6566367999905509;1.6543503633536805;
0.38076962500414635;1.4494695624039;
0.3617174880088143;2.1924723757434004;
0.6526398968939429;1.979148126323338;
0.8473253998933409;1.8856150857753702;
0.6780371134366786;1.3296832677609038;
0.46142146228104763;2.00067857590082;
0.3766407774061914;2.0331048259548696;
0.7977272125051236;1.796235053888697;
0.9948005611968802;1.7611850501787893;
0.5648610589659476;1.5802818120715054;
0.2749629681591784;1.6812518460405557;
0.534929879707383;1.7189769903391512;
0.25842997837997717;2.041942769673238;
0.6565245879311942;2.09504147532016;
0.7194496911987899;1.7370507603742504;
0.18131276826214404;2.035065918452776;
0.6040250009616461;1.4895183138019472;
0.5670139332468648;1.722553651367413;
0.16028258237561405;1.9490273953687107;
0.8354464967483397;1.8722590837334894;
0.4178363288679016;1.7809484144361887;
0.34318378704373176;1.4649370100158035;
0.8037419839628906;1.677983152814527;
0.42885916197946006;2.0848232944125478;
0.42503751495503184;1.973600247882209;
0.5038217359535179;1.8280313805246422;
0.7329824463278801;2.0867825648717617;
0.4377491445903181;1.9228550015794081;
0.6036791094469043;1.8394342790899063;
0.187081315220071;1.527306289270655;
0.729244472698733;1.9007533313452332;
0.788470634795897;1.7873485142562053;
0.9597235271324123;1.883594861467054;
0.4702731555097185;1.962850193583075;
0.9295024800241225;2.0280246842544263;
0.23561129374878031;1.8816367786675885;
0.639685275807607;1.6486205466658854;
0.6535416093791866;1.5135997353141848;
0.6225610028455885;2.00593866179336;
0.4614336886360374;1.791354087630359;
0.3652503108970878;1.8348430830902873;
0.6055409396250154;1.8190055306205326;
0.511259243971385;1.6860911418684883;
0.5843926771227287;1.8141054865533566;
0.5020212102979167;1.8554457925206433;
0.5235361753219292;1.6473066524241222;
0.928712884816858;1.8631072054316935;
0.5819535019899604;1.5338695446959572;
0.8186453143216641;1.8069678432549598;
0.6700472783983223;2.1432915392203706;
0.6034251437383996;1.7047875317703958;
0.47737500850824643;1.8602391437438461;
0.45927766978327633;1.8377956049266377;
0.4872758529605807;1.8915771840230413;
0.20096871049241977;1.7746517073824055;
0.7816562834488927;1.9414959518640291;
0.7153710665591129;2.052245904062661;
0.5795882692383685;1.9447522334466318;
0.7172149100570052;1.564697983330423;
0.6009409032935575;1.9047538752138329;
0.4376195337962622;1.6703201630157523;
0.6368933148488392;1.848151038343268;
0.6033544770714576;2.0259691755512623;
0.2295666259437526;1.8284220822478567;
0.44744435643186997;1.892918591420602;
0.6411768318313218;1.8866391896225994;
0.38387110703460015;2.0222123765438007;
0.6483815900615115;1.7431652672692117;
0.5959333249073355;2.036017848382587;
0.7254361435473015;1.6313423537641603;
0.8931963625745495;1.9975288745287871;
0.6877232677875765;1.962912588334353;
0.6537411746546294;1.7774884315871005;
0.8372175470697929;2.0448355085417727;
0.687528871378117;1.8429380915172895;
0.631732710522197;2.1067138983787834;
0.620620513344741;1.7836575114938023;
0.8523289079156826;1.6544947346227865;
0.6144953820378347;1.8510580322880104;
1.024668342982617;1.8302864370243865;
0.8444176998647457;2.091981693046324;
0.8144871403577985;1.6471641733586198;
0.5601118509561109;1.742727339488105;
0.7826922642986821;1.824427605592363;
0.8553292201123199;1.4351133640944271;
0.6904803057348069;1.8647623665324533;
0.8185304361928092;2.0609426943470095;
0.722657996388646;1.76345629163394;
0.8915085784150756;1.986994389343654;
0.6392738990692192;1.5464944268192664;
0.6109205213676874;2.048401860086932;
0.8065898606548763;1.8992367838820217;
0.6158971790579618;1.6448563930848548;
0.7013372187437055;1.7622935244865725;
0.6243552394360226;1.6898377412808336;
0.6326618816170295;1.9225833350341994;
0.7485180840978575;1.8861670567502895;
0.492071753664028;1.578714491768567;
0.9409938482890867;1.5789410525148249;
1.0715175236263481;1.8025614680713744;
0.9007017892744403;2.311486835453528;
0.690477905942412;2.2176423197939537;
0.9425848041902761;2.051294675650308;
0.6932510961690399;2.037899363709321;
0.7876394076400292;1.8966000536095782;
0.6217161048932901;1.7120068278395546;
0.5525387779615163;1.768629415750297;
0.653499067941478;1.5695933335784658;
0.7823522278746782;1.7977486350785747;
0.5692515303960054;1.9293283090305122;
0.8636556573958922;2.043060608344448;
0.5742913950988863;2.0300246558997745;
0.8607152974224457;2.0820752693193585;
0.3130159738385523;2.314336998400896;
0.7815246556353532;1.9484458938113314;
0.8901346986113184;1.9851208695253137;
0.9809105695707658;2.1176691376112466;
0.6225745282689751;1.9790834378211766;
0.687334445375744;1.7055149464684942;
0.714850795595046;1.9558660340561962;
0.5245754268163316;1.5148866638965053;
0.7173494284936665;1.8964957327472742;
0.5862590658525137;1.8171196854107956;
0.8952868965267546;2.157249068436543;
1.0518306840754157;1.7632669346722123;
0.5153567864950955;1.8888216361971188;
0.6723655285278688;1.8225004825786657;
0.7470612070751137;2.034742512372374;
0.6775583397329978;1.8122172389370013;
0.7266959449979404;1.9199314051000564;
0.43519722146211726;1.778736557838954;
0.35169763161766293;1.6821459596514965;
0.7355519041709766;2.037753999570777;
0.5172907865195387;1.8311005779165184;
0.6953070459248556;2.1163521948937967;
0.7421288659039432;2.015247035522461;
0.6239130252921765;1.9435043546880928;
0.5651978273239813;1.740847403728861;
0.7057843313337829;1.5537722221835426;
0.86844554204178;1.6656266851009627;
0.8865213216874681;1.876728469249566;
0.5710705811470443;2.084615695297775;
0.7855302307046197;2.448057275517312;
0.8238988073922362;1.9791850998156002;
0.5194712530966658;2.1609517978491026;
0.6592129963159;1.7569807263411603;
0.8801894578081244;1.7629380201995029;
0.7349587446082931;1.9655879952638213;
0.6824303097819181;1.632959854534719;
0.9929872677429306;1.9605692806186903;
0.581873124424243;1.6389405075014578;
0.9161522148711623;2.213872060533123;
0.8609353972672985;1.647907625925428;
0.7040767312564523;1.660832727410451;
0.6445548021601647;2.2413048867151866;
0.825656260469946;2.4163356076895655;
0.8423219825649615;1.850575523658094;
0.741718639612883;1.815117572935782;
0.7395269462885072;2.0008765083269946;
1.0646297285977704;2.105479244321227;
1.186377890154117;1.6157889378175363;
1.0590294385973418;1.5259776222744308;
0.8881739705644921;2.096951575194421;
0.6467133663865848;1.3781461408827516;
0.4932515506859508;1.8197584224618906;
0.6656390390291776;1.768329053438924;
0.6116261166318996;1.7364617488004943;
0.8538327124284499;2.093886161519372;
0.5898122557807088;1.530633264448301;
0.66756542973353;1.612945445815491;
0.7792907639909045;1.9516331107576121;
0.37200073605050077;1.891178301623746;
0.5479943115207216;1.8619579514288531;
0.6782142679562966;1.8909654947036398;
0.6038906342986005;2.0403190208276065;
0.7964932981800156;1.8561257659951798;
0.7103412399045628;1.7712229530294197;
0.3579695847393154;1.9085112185035777;
0.9641633307376323;1.7675509707236317;
0.5698521988687466;2.1021474679366112;
0.7635629624902587;1.8629463839121132;
0.596875926574522;1.7109586247143282;
0.5311417649178941;1.6760906717383781;
0.8421301092022176;2.1234227626469906;
1.0772758713226158;1.7682822107137863;
0.8130130045614182;1.9230765978666466;
0.8474949501797918;2.0037509718498194;
0.5256475876621576;1.7228157496916165;
0.8525999960636713;1.846954543011826;
1.0483141795489022;2.0784996165351157;
0.6430937780045293;2.2558903821251057;
0.5626439338094382;2.1340867747601386;
0.865179267126759;2.2065434262772254;
0.9188278485870824;1.6700412699951386;
0.5145109139058052;1.9933042625300763;
0.5319419117778033;1.7363398138949668;
0.7814141307635837;1.6801469179829374;
0.5411070737680023;1.5864998185092654;
0.5204558702687171;1.9145658583294818;
0.6256815043048695;2.0903405727637567;
0.738664556600135;1.4581788240613898;
1.0765937185523617;1.8141139922338165;
0.8640998194275427;1.8038946586959759;
0.9408557716280669;1.999434639978884;
0.7256972500339288;1.595410692792976;
0.8154562205596652;1.3394451991555751;
0.6889437953867291;2.0401047189060812;
0.8945538059862416;1.9986558940885435;
1.0808630223962463;1.8590181982844791;
0.7956777306008768;1.6944351060501355;
0.6351960661535773;1.5811008516079;
0.5285993529874433;1.4413356477536285;
0.8948262530380144;1.9558350922482015;
0.6996027236143457;1.8311450459140053;
0.8466287650168619;1.5740647723023766;
0.4109835963793277;2.0371088092674947;
0.43707596299501644;1.9031726294353073;
0.6015420585746243;1.7445333245185128;
0.43206616329060366;1.627675680004426;
0.5518740245042707;1.9425446438837721;
0.586904405228791;1.838400142889475;
0.3894832974871745;1.8429798417526446;
0.8616844631408727;1.6624478870722479;
0.7151853480676778;1.9855537898027429;
0.8508607389623654;2.2314559404209566;
0.5998820080128632;2.144499719871541;
0.4232668333018107;1.8294918864887777;
0.8659239191888143;1.5507583165822936;
0.5250049306124964;2.0696300429486723;
0.37577061924696914;1.956748680940987;
0.7496843037230124;2.0044683866528734;
0.8696562323360336;1.4894958005298764;
0.9758424492611237;1.7274234437219254;
1.1017945997140361;1.5785024171492301;
0.8539077348690527;2.2720306647194746;
0.7351183269404893;1.896226196299501;
0.6827016149476737;1.6392777447931572;
0.6808509957653834;1.8434296160154815;
0.5767065946859184;1.6555023439012024;
0.8109788295653246;1.4012656330011546;
0.8222105910928952;1.8379450173995655;
0.7652238089691084;1.9312310926004075;
1.1385766547845018;2.0254163199923125;
0.6944148017684955;2.0888253150022402;
0.5404374987241316;2.240099319190649;
0.7826353642395939;2.0994486380951165;
0.7819625061745995;1.9207788571672553;
0.7986306797529463;1.7464929464126873;
0.792363262080709;1.836166012108407;
0.7616933598251953;1.8940503631371062;
0.7381071464592811;2.2085516578318583;
0.7055618567713046;1.8254016046714785;
0.7447396528865144;1.8464975493136533;
0.6776606769898494;2.010220475939493;
0.6903939527715913;1.947256736275179;
0.34597251213654456;1.693987486106125;
0.42215462741445414;1.69261662806862;
0.7463540847917913;1.968123414880759;
0.6433342399979269;1.9032315351602245;
0.9825721145053167;2.0261970952945916;
1.179539214200389;1.5473397461187255;
0.5038304569835436;1.8170944961070432;
0.7989162721912293;1.6497582326929654;
0.753582712218659;1.9188845077476058;
0.810549685282459;2.101665124111514;
0.7755833478835688;2.104558769010527;
1.1065055646766666;1.8740378184851478;
0.6005845114439747;1.5869118024154247;
0.3881420408997911;1.5028252759348544;
1.0459823552651315;1.927370788360914;
0.885060527613442;2.149416277226227;
0.5880503357155921;1.664215010962275;
0.8133618676691228;1.8781568184349138;
0.6965372295250034;1.86279766980651;
0.5396768808609155;1.9050038170841936;
0.74377380438301;1.7825664103145447;
0.7319847920237555;1.782715427609363;
0.6537271880644244;1.9999519558793493;
0.8652452305038492;2.0608771011565015;
0.7483408262950229;1.9333273043009245;
0.8786252200405866;1.7805050240769305;
0.5392586965143435;1.7029506369911216;
0.8536491201606514;1.9187581137339416;
0.688488995749022;2.0467001111340917;
0.9441457342843216;1.733916177350269;
0.9431904618708802;1.8956339665187405;
0.6641258229852544;2.0039364732875278;
1.0035614907746844;1.7557575217619983;
0.5869009545430027;2.0637961573159753;
0.69908972029209;1.6738736180461744;
0.6744893812527155;2.00270852495913;
0.3038156933748948;1.669334853594938;
0.5681381795528491;1.833810553086445;
0.7406259342604956;1.817908935992806;
0.8775015896654228;1.5870130872860346;
0.6208206272432234;2.2700670318849863;
0.6501841642638165;1.7345222724495095;
0.7159825969493524;2.08386499813897;
0.8287268989199876;1.7487598862147915;
0.9521787047555788;1.6710515327798938;
0.7827848122330052;2.0423479797210082;
0.36843038928223404;1.8274709188408962;
0.767152937807654;1.6185497068408332;
0.8609253294136754;1.7732238964075222;
0.7371563898367183;1.7176097980150957;
0.564338799336824;1.9363365920762028;
0.7926394912979216;2.129898919829325;
0.4501234003021883;1.9370023315914167;
0.5479297586769779;1.9632761786194421;
0.5363668520920405;1.7317064004602087;
0.7888754020594547;1.8943591911366937;
0.4091476234586324;1.838153713626507;
0.8053896291425386;1.8814134032406562;
0.5662242183632421;1.7654952533523154;
0.6674736980395283;1.4770924704215087;
0.836002780365114;2.1905640232616914;
0.7626860952777559;1.7495353815540926;
0.8548214387085549;2.100626171217645;
0.7179875370734182;2.142835941250088;
0.6879543744938502;2.0201763967445365;
0.6079048168345959;1.7294458747428338;
0.5174378454197314;2.1051268959421883;
0.7112483861121845;1.988797877682948;
0.26611205193361587;1.8714448581642658;
0.6156003666996304;2.0337690385957687;
0.7647034216107005;1.9478536698799112;
0.7846156143856509;1.9405739413664767;
0.42436450523294;2.1412889270617166;
1.0744310092181495;1.6938578841345988;
0.5178829228753942;2.309595855795229;
0.3457315315711449;1.8844883197962647;
0.6017642398281564;2.067692355844825;
0.7392750774442505;2.3892392209107247;
0.6350186420799666;1.6336624932755133;
0.9053386342454651;1.7685236216193525;
0.6145306788689613;1.9428577957007107;
0.7422781630343883;1.7478969311037096;
0.5978870274827788;1.87239550418328;
0.6621050528970185;2.0370875936526955;
0.6192778395095213;1.995386159492663;
0.9885332485456708;1.9446826846739123;
0.7205397298167838;1.8172936585119177;
0.6200132054873329;1.8460266235654927;
0.8445317721770665;2.0202466001014208;
0.4089191223445798;1.9474969901855415;
0.45968157081366906;2.2441051019581315;
1.0149053153895888;1.6358289254745995;
0.6929431146589875;1.897736234882744;
0.8609767075898309;2.0261632221593406;
0.2081603517057462;2.1397545316280646;
0.5475366566707209;1.975768869928222;
0.4893012941771413;1.6557347320712485;
0.7809846432015857;1.614359799361726;
1.0418782423041648;2.0065264110179877;
0.7408023480303234;1.8418124541082848;
0.8710967736528716;1.7519780917352281;
0.9513902255126534;2.0502960863246438;
0.7018806412121519;1.6519637721699365;
0.7764199250304468;1.7922978852626017;
1.1200331575944693;1.620453102278486;
0.7762462212336411;1.9737315659961765;
0.38757190421246934;1.8423118390517759;
0.6130778237945009;2.1065602012080067;
0.6652181243030478;1.4737350076564635;
0.8046330241322843;2.0788291685723577;
0.7624651300155582;1.7508463594296508;
0.29217944261609835;1.9488883228605682;
1.0297574919811938;1.6612299983405745;
0.9992343628685665;1.9725568292409021;
0.7753977537773806;1.725187051522391;
0.48055422249907703;2.1404622872973484;
0.7448645077919833;1.7810226170705556;
0.6477577600734934;1.7473347480413608;
0.7620104637727511;2.075362292632563;
0.7500758763936255;1.75847328369337;
0.7112630652913715;1.4190997852129232;
0.25845864377705363;2.020754776868628;
0.7905218854650137;1.7652014537920286;
0.5951526644914448;1.2668814854734882;
0.6980959383246942;1.6646226975404774;
0.8468558126282913;2.3907482101845683;
0.3002029411781456;2.1105410895341143;
0.9431908396321362;2.0061857819448115;
0.7953146791072588;1.920508756430982;
0.6747644935234831;2.000812628585929;
1.1580492394350048;1.796388522007434;
0.9912122885686835;2.0288645001082597;
0.33343217965041727;1.6618725866789057;
0.6026524006119698;1.9858643138893823;
0.47192255868009103;2.0462994584734275;
0.8031407628679454;1.7646920370662267;
0.794175312960587;2.157880831316795;
0.6006650921061265;1.3875651563766511;
1.0939057712061684;1.7205986015211021;
0.8787654306066006;1.9692446443703024;
1.0159376305967371;2.108329090630923;
0.5665568627539217;1.8866656383478175;
0.9048727533410831;1.9438559299665825;
1.2113862133707003;2.474601761905424;
1.4864667466406332;2.4410354775906593;
1.7020660630174045;2.4299974544901333;
1.680076017637945;2.429368860700091;
1.120017666358933;2.30878753845154;
1.0461260486325088;2.316349634814391;
1.1169055533009278;2.3807708886625907;
1.0628872290795681;2.3759255800072405;
1.176418082024556;2.4673862039587693;
1.278073319703673;2.4432222298752944;
1.6953548779035468;2.0631050841269842;
1.4950457498122753;2.0073834405709086;
1.601931930815901;2.4781353811474056;
1.05896944623853;2.4585798620189543;
1.171267205633435;1.9575090627466951;
1.3811902692941733;2.147197714013863;
1.1267565468871148;2.210593260035493;
1.481835002995565;2.5945684872877965;
1.195693911853498;2.317327127677971;
1.537640106960815;2.402058807735123;
1.2362709898601134;2.304477635062925;
1.0073906853642058;2.045008759761882;
1.351829936861965;1.9822434377621303;
1.0942899751849298;2.354895261654489;
1.4531673793500761;2.107790491741706;
1.3307374306382853;2.42367222973124;
1.1263541093657554;2.528003119039904;
1.610883922341778;2.248293450983975;
1.1683215514842828;2.1479770082069747;
0.8509369041158754;2.328550054305359;
1.4509539112697867;2.6721317513011345;
1.2479410910122217;2.06335751657208;
1.5642312833519498;2.308788407405249;
1.4546960807321507;2.5037683019411503;
1.4382452887951067;2.3022298121534286;
1.3355985070568388;2.56017968564977;
1.3156391696281073;2.486932114783015;
1.2479236265197704;2.6181302203480534;
1.1437611582023677;2.147460226331141;
1.1215757726345352;2.700143704235212;
1.350831676126922;2.3667255361041453;
1.1917331813655774;2.2010010561878675;
1.2337025943467819;2.2922381044292885;
1.4859992621209965;2.3605250924339147;
1.4531812414391463;2.2735918190723763;
1.5953898292954807;2.2341393115091224;
1.1391933044708353;2.79737864581527;
1.1580030599695337;2.189919659876826;
1.3276534472762769;2.4491900545787866;
1.6592036682984472;2.2380756820065106;
1.1720012387562073;1.957950391022975;
1.9367427411426918;2.5557751704777787;
1.4938639915117162;2.5494670708226033;
1.4788899462044518;2.286332772522429;
1.2719919424329398;2.04762386824168;
1.2230456382492447;2.2609926094291706;
1.3071226652980814;2.045040682840588;
1.053528981960551;2.238838353960457;
1.1162423681650129;2.1598839124106997;
1.2437236162727288;2.565328875098956;
1.5553168777919684;2.686860916743591;
1.4424512806806182;2.1315639241610183;
1.1717913522218053;2.2180784379777547;
1.5316189943079401;2.409863850886107;
1.4096207722663345;2.205888362108086;
1.0688440959301475;2.2786999765080598;
1.3415842359290975;2.4179625739158994;
1.5607867115181615;2.350798513625312;
1.5334823675525535;1.9904717164037469;
1.5507485753835677;2.365168437744505;
1.0647069385093706;2.2746909821674204;
1.5795431281580923;2.4943789521949986;
0.9098024005051479;2.473956831766431;
1.2070771562809124;2.3163885233860446;
1.1906920826095144;2.5091181068837196;
1.3949791980351922;2.0914248975771508;
1.1627586550988451;2.0465395275495966;
1.311840207511677;2.106680769385103;
1.3411463381206914;2.0327154295352816;
1.1363852959856786;2.305921797990392;
1.333872424088479;2.4339139866110973;
1.4165075735507244;2.7444077996612286;
1.6431010699769595;2.309847891567547;
1.1049631205056738;2.1672869679787214;
1.287903260489774;2.475833718123504;
1.350938375745301;2.1661650384348365;
1.6834651224766901;2.777085621069694;
1.1590799638813674;2.642770304775353;
1.038851209904904;2.20373678066337;
1.5173466390706527;2.3698712737942955;
1.755661909302173;2.158633792331358;
1.3201797312163626;2.2269942183598705;
1.5811435487201497;2.0339211519529803;
1.2482834335224169;2.1588514032915187;
1.192855744270271;2.0449781870059236;
1.341429600862354;2.430619638667707;
1.68288381371923;2.7199920607727215;
1.520274141049782;2.2801528817573185;
1.4633187176977769;2.3053402049880476;
1.5519689032521393;2.116510030790956;
1.6820677795041468;2.7355969982657546;
1.3713021433782142;2.453885051551893;
1.6284718434525667;2.485347663212946;
1.1126165677948314;2.2903524273243376;
1.458574737717516;2.09594778511915;
1.5430953209350426;2.3550465103090414;
1.28834419439642;2.1060484570275255;
1.3457519866138954;2.366579258042613;
1.311956259715805;2.198880417732569;
1.6826960914398152;2.0718664114332235;
1.373047777067878;2.2839042232704503;
1.46765552503057;2.503580460625778;
1.4014918848360203;2.0292672710064763;
1.4907909138713884;2.565553987035965;
1.4363596880375102;2.181885246846043;
1.2716879829467318;2.4350030912293446;
1.383726609889381;2.3933298063338913;
1.3217293229428517;2.4519324904807447;
1.1986649139131504;2.349345599179984;
1.1569131978629754;2.0525274622752008;
1.178505504743722;2.3621035780439126;
1.1835709664889402;2.1736267654718695;
1.6859474173232036;2.3578510628870957;
1.383348449332157;2.565537439136712;
1.318400533594224;1.7951504218518375;
1.7137557918081023;2.265206803562311;
1.311743363235489;1.903906054306577;
1.3311702960055076;2.2757255387345148;
1.3381844949196395;2.370500592880102;
1.4283576012238755;2.494956783660722;
1.2501384051515736;2.34665924447842;
1.4517959567413075;2.163171479940404;
1.4019760850129006;2.2940212001239115;
1.2679710244454208;2.3006942186979744;
1.2427086014798132;2.5305409993297343;
1.5525104817001754;2.377160838130914;
1.4433367894034117;2.4747981312335696;
1.5440272915327267;2.3019289472128786;
1.2331770753616;2.619769302836861;
1.4264682410070824;2.161258922180836;
0.908365103617319;2.4072197973490157;
1.3190588180695377;2.0214374387765064;
1.2967960631459934;2.1024844901455166;
1.3238969745157307;2.1216078158635043;
1.4323947724042139;2.182434982382568;
1.5356521417912554;2.48395165760083;
1.711522938316508;2.1950782330736605;
1.456049494745579;2.2373165392183085;
1.1312655269952394;2.4833977573125905;
1.2145991134931935;2.3049221471046004;
1.3657296221607533;2.2332879812772415;
1.3406104360202127;2.236184729275893;
1.1728801118680263;2.344095809201269;
1.6804715012294653;2.339746325520491;
1.206880664396958;2.6034898220100233;
1.2030291920122562;2.3757782955180122;
1.0965001490769073;2.081697376120968;
1.2963464260728108;2.427155031302866;
1.0413681872138563;2.590870668734853;
1.6172738112096088;2.4330987655810907;
1.3948978804452168;1.917530970806933;
1.220055189421956;2.1806138515828235;
1.6450213024346234;2.89808391428842;
1.6021972705301408;2.3586540625251535;
1.333189347209946;2.5096262633037205;
1.4496270374767628;2.2474736812088327;
1.289300184167231;2.8066899569145427;
1.3655442859318898;1.9535041154965536;
1.5417361882695944;2.393103453799356;
0.7721287649660254;2.2983933963496317;
1.2019317742590294;2.4515485566174977;
1.3124154320229775;2.3582241689944845;
1.181799351913261;2.408638200597786;
1.4125901919332644;2.407099557556065;
1.4513253184357684;2.041030197921052;
1.1733928945487249;2.4624384771925585;
1.5874793394802809;2.2791559870099665;
1.2501017549779094;1.904639486615332;
1.2061132724570078;2.3032982372858175;
1.3602398753326923;2.5169797453939835;
1.1450294152945815;2.0474553867929144;
1.4660269756671398;2.2909624621035265;
1.2853221521702587;2.1717061808295917;
1.1800812573403783;2.6026598915508803;
1.2756046353091823;2.272960406261076;
1.049244050654547;2.5228056413296565;
1.303903216362297;2.3442113128704314;
1.2115138092842241;2.473980393463013;
1.2130509463359107;2.0425319724104867;
1.3282927364462316;2.274498558853657;
1.2957879231195804;2.003486628693614;
1.6278773414749192;2.1665649708344774;
1.3122728429064379;2.708264399339286;
1.4740778609617768;2.562916828342872;
1.7349141918054638;2.1244542446388692;
1.681476029616574;2.358166562754747;
1.4981514144760453;2.172649295518394;
1.130445695211882;2.1593890002052176;
1.1596037174334093;2.3778626985878693;
1.4722749605742966;2.4364274631782683;
1.1877063421062475;2.5072079816753754;
0.9451797505413417;2.3542704780083055;
1.246839680049162;2.3915376718103727;
0.9587350176057083;2.2035163512736093;
1.133295079668893;2.24761449965904;
1.0997408471101007;2.1700031015264827;
1.2903760743383574;2.2925004947570233;
0.9629719232317309;2.401172057161177;
1.1701750623351144;2.3171086056276247;
1.3195387337999727;2.520576298657329;
1.2166606640513862;2.5151072537342034;
1.2970029928807296;2.378330781903564;
1.327574303143861;2.469258094018836;
1.487475634797626;2.167260477223661;
1.3184017528175147;2.4667656149888786;
1.3572370026901155;2.270946959035947;
1.5794066925964216;1.9969726314199743;
1.1060189090930919;2.330528171487463;
1.0096036716639274;2.2151470678424836;
1.5920677444049347;2.271849918657746;
1.604715272853131;2.1136611443821383;
1.5988653527989123;2.0319086633867838;
1.313976291929848;2.21827681074243;
1.7572308870736477;2.4012997151693884;
1.3046782702588393;2.2483891441065227;
1.028357178476817;2.6519480114360015;
1.5566807199917747;2.439433591426008;
1.5095584908580193;2.5154624275808053;
1.175831972723536;2.4318220101046806;
1.595599840822196;2.3535557394270645;
1.2948788031452863;2.606542737796306;
1.4969709944440284;2.397327464731721;
1.4396656859678187;2.5081998243411063;
1.4857694701122364;2.2951311375251464;
1.4037715930447443;2.364611798070726;
1.4301991816236137;2.0993278375403457;
1.0112307064691701;2.290285969877933;
1.284761995262032;2.486570720908816;
1.3723975299738012;2.5022518988661426;
1.1640756095904787;2.2503463456457147;
1.273860736341045;2.0682626505261705;
1.282161588707441;2.4340813887870243;
1.1969038223994664;2.710245237405829;
1.3248655654864054;2.457328127256072;
1.3192005787200924;2.122563105782407;
1.5898801609483502;2.2854350366333644;
1.056213179015689;2.449299024408367;
1.1687223461833327;2.482808209400954;
1.3077047935070178;2.4067443859351703;
1.1244419702976678;2.354773536442219;
1.4765199085521803;2.5659306078840536;
1.3990244896450263;2.2475197085696106;
1.4296095828134474;2.430724643646877;
1.197505840994514;2.257181320165806;
1.6194491901394565;1.9988057631293596;
1.4546077437240428;2.418916919480786;
1.5915546182938347;2.4169573288049606;
1.3804028448083028;2.2242309438526915;
1.5630958582329169;2.2283932640969324;
1.2322789575502116;2.1121304644002765;
1.4316937583871419;2.33882640175225;
1.2838910429366914;2.1276894218248517;
1.4973375497934787;2.4598871618511793;
1.2550469960294572;2.66294499658885;
1.4304286874042118;2.3637922313583384;
1.353984914025587;2.3385532471733512;
1.5182955433685097;2.1115349676677235;
1.4665679975773032;2.4118112570020935;
1.036444563555767;2.192479357919072;
1.4480699147936673;2.334939152921169;
1.7182014173330635;2.0511146881409386;
1.3821731406157607;2.6128146995144697;
0.8264852860340239;2.293246170537458;
1.380029654888603;2.2437842586609946;
1.4707660944292047;2.359151615363122;
1.324862530585176;2.278479456644428;
1.2266900289737368;2.2510459755747365;
1.5356622823434414;2.343927235134189;
1.2700294880951448;2.5584567179932707;
1.4013080421981288;2.6315042883446096;
1.5577967736533154;2.3615558230457423;
1.046693730466023;2.202208174319838;
1.2440902450044797;2.7780655574836306;
1.2336990223509154;2.322159810500418;
1.1613277823429173;2.833605270463286;
1.4445418198476143;2.104282376352085;
1.216658043360227;1.6895196526122955;
1.3561655415096114;2.285866322404211;
1.3846017708656893;2.2869335816183862;
1.1036455520685444;2.099420055515362;
1.2085543331449766;1.8624319153941435;
1.2772744284699038;2.1534863733642293;
1.1191054988132734;2.5237419581464864;
1.2412499464841975;2.1947423901118097;
1.138559647919204;2.38805058215179;
1.4813335569234476;2.484929567880543;
1.3282971724687413;1.9982429416556782;
1.269697991506144;2.1717655409822467;
1.418131242023073;1.8412464298826636;
1.2991014878975309;2.0064880720367824;
1.6451439879622254;2.580414594383538;
1.2168368817547492;2.369961451296489;
1.3275374516471095;2.383456095346012;
0.9681132468773577;2.6249737875249695;
1.23185937867063;2.155435554297511;
1.173026648331228;2.2142351318974973;
1.2003796498254375;2.17344429114142;
1.403872150698188;2.377566058418183;
0.9503808131707576;0.9282643010019758;
2.634707140724295;3.7411997761678872;
2.3317745865229633;0.9195711924991938;
0.05023849487603216;3.7754941683995487;
1.216170540607787;0.06770421311358565;
0.06879438624161716;-0.02417315469279474;
3.1705980476746136;2.06051110263932;
-0.20893685262498457;1.8347453311291337;
0.3882043449666144;3.1700033274983657;
3.960345272220861;0.30698398148062767;
2.4342850849914073;2.0163413700626447;
0.8277391958342808;1.624515946984567;
1.2015163112376919;1.3559222455477355;
3.248449605150082;-0.4494920618243501;
-0.45489204760943525;3.8580608964284657;
3.88252244616194;0.4334013266804737;
1.252677432466013;1.4133730005805494;
3.877709388101106;2.133766630900512;
2.953352918732645;2.4862022449018046;
3.432181204222134;1.7486270419463295;
1.785943785224708;0.3832999840190783;
2.670454322838898;2.050627522298179;
2.626975608058688;1.5614543276456856;
-0.1828335827415669;3.192721989462765;
2.425968974859622;1.737876062733826;
1.2202284995997585;1.002979345896124;
0.7075459196586584;0.5988900737194534;
3.3574029547200324;3.1086594422739973;
0.5777832685437385;0.3248430175997631;
0.05850051236632159;1.1838860847959614;
2.615686798410641;1.462125902402329;
2.789157325713332;3.3110435716749818;
1.8397426556068095;3.87682377368972;
-0.028448600001728996;0.2824513337080765;
2.5142099356000003;3.618743531762611;
1.9624329896413406;0.14592041455066673;
3.900150823148463;2.5094341775154043;
2.4694914105250705;3.9154706530584082;
2.66214995492133;3.6433000422461923;
0.36334805433929596;2.1267916744114914;
3.013258124590472;1.257024172202279;
2.5343612965365354;-0.18404931940283187;
3.8179028125537897;2.079255149306984;
1.1509476917353745;1.0394085541390181;
1.275338551047306;2.3198734773273775;
3.8992692395603674;1.2335727768747131;
3.9746687254910054;3.8961443876447905;
1.0229044224918815;0.03292477982094466;
3.0465506271893394;0.3216736024354312;
2.735517535564695;2.627179131824048;
3.3364053234885103;-0.09667468294548148;
2.8495589014042917;0.8399855107752032;
3.4892826715084326;1.0011207309929666;
3.7496718493829766;2.3543600140607075;
1.0674921099449879;3.10662562009032;
3.140756199032234;1.8933319321670146;
0.3186880409117465;2.886450599715891;
3.317526332008995;0.6882197883909797;
1.9743106865586357;3.6192207044627667;
2.0349279649897447;1.731498728232808;
2.4861104978049786;-0.373258715337666;
1.40691703975557;-0.3835997844988319;
2.9019432687622495;3.8630690433479824;
3.62487610539352;3.2111823884961774;
1.6411066271677868;3.2788136443941553;
1.6663387261881795;0.5024384916807798;
1.7541924380357807;-0.07776569178579379;
2.559709466307712;1.668858919621893;
3.8427646035922756;-0.026444165486932514;
0.6813148642009368;1.31453938074266;
1.1701261668425311;1.0344204151050977;
3.487386976389172;-0.2007707829583283;
-0.38397507178959306;2.5105018785680695;
0.02547774610960296;0.7518377895817343;
2.5153498888213;0.3320498465621473;
-0.4726783425260073;3.1430694284760374;
3.573705821770093;1.0544915478304686;
3.858308552656675;-0.27676788816384296;
0.4712101528948365;0.06921167187403521;
3.5874964417383;0.7020657369524279;
3.4499353063312794;1.2332386850861057;
1.9464927971158965;0.7588639870126601;
3.130131868620195;2.1958084543688434;
2.46554650592266;3.8232097890326635;
1.5156943717500244;2.5596381418433505;
2.1108430135203755;2.559325369509299;
0.1302929773614908;2.2652295748481848;
1.798260838216521;1.6203352352059213;
3.9721738964465176;0.727638162357988;
1.725742452348634;1.5126678508175488;
0.4878391936352887;3.286879120523165;
2.5489560383838183;2.8253713064118147;
-0.4573517230622942;3.9555060704682754;
0.5230622226621904;-0.36570436774887655;
1.9098420812397023;-0.24011275681663952;
2.847175971971696;2.086893323680316;
1.1085689385446469;0.6753161378256656;
0.577505677556613;1.5098177285081076;
1.9962041478734367;0.24933162721615376;
3.120168971606579;2.3585467689329818;
