1000;2;
0.21516888916532942;2.2605783200270384;
0.4168383091693527;2.4462849060302556;
0.4290486997604779;2.37138040939775;
0.21585619845423148;2.280116769798955;
0.5589122847927069;2.711693480282522;
0.5414535841827497;2.4220560423424202;
0.26076514432258746;2.4157400254027492;
0.5479375302644878;2.4024920658301006;
0.47732994857289146;2.6567871846789446;
0.6227005512381325;2.0972273619768025;
0.036977282585747506;2.696698106587205;
0.4483133834650612;2.465015709662103;
0.5409078246327401;2.438180618625537;
0.016981441836364464;2.4231803913629655;
0.25885707981858425;2.4233713548800595;
0.5567054294516551;2.4225129054771557;
0.46182073247359245;2.491834494824394;
0.193390776560959;2.6568208196353464;
0.029760048189518606;2.3377366625445357;
0.43019931945441126;2.547424969303592;
0.07718894340755544;2.843828309777931;
0.2816636981040811;2.470311704974204;
0.45628616850078596;2.485384352965841;
0.30863491833741813;2.7059607428971555;
0.31911582499342656;3.0027393376669727;
0.3408447338919738;2.7025719210738517;
0.3465676346959559;2.5692165389892563;
0.1693736703147713;2.2334627198603365;
0.625347993314427;2.406201756110906;
0.008572211677694286;2.4957118829923983;
0.0025514639028418884;2.4351713524304173;
0.013186957564179758;2.417975499477324;
0.3989845909324444;2.4601834155351936;
0.11060226042437765;2.617081394084548;
0.3356420194623704;2.3700583150714696;
-0.015700202879724567;2.518447325863519;
0.05275611299729385;2.2974240392627827;
0.4056985069167129;2.2866907881031686;
0.2428828123051465;2.5848811635992006;
0.7046189144576931;2.6229378929381393;
-0.29357282061164247;2.447869999490237;
0.39977993976230186;2.3795736562986733;
0.20516886628237574;2.3709484990640597;
0.26630058127525813;2.4302686204798034;
-0.024380548739384222;2.3296455276452934;
0.5031873987816874;2.36936524292693;
0.4057833653420071;2.461715112611465;
0.4390166587085939;2.3379625529167694;
0.5401270349559093;2.4335216676056732;
0.14325551405432382;2.709859504184992;
0.16243895804916358;2.2008222657640775;
-0.10620010970217725;2.7367983500424806;
0.33185700050277506;2.147553260278336;
0.3029234231781327;2.6447440033716054;
-0.13691151773494747;2.562611749613983;
0.30901549871520995;2.8164221891928007;
0.35787372919316784;2.5098886646664367;
0.3748820086083179;2.5507550932053666;
0.1689115436664535;2.3138484004081965;
0.2712553701152583;2.771540011928647;
0.3886962791349088;2.5862833432765897;
0.19015111725390754;2.4330560474714953;
0.1507384234418595;2.572139334503744;
0.18872817463726413;2.4809865012900083;
0.8693451709323148;2.425670234367397;
0.41258083162064163;2.69917216757805;
0.10000056215817402;2.377302075204284;
0.2339890840369268;2.5518743002963666;
0.2925627256811968;2.2923889399006456;
0.38090999274275017;2.394090933624923;
0.2539747698622567;2.432090507666844;
0.15697669558465527;2.391346034301708;
-0.003986854311726129;2.0046499300310305;
0.36865623612914245;2.1546596115681007;
0.1534825776189226;2.6021368592960377;
0.22225158032280498;2.397484064933341;
0.33788613135822354;2.4541182431404636;
0.5309632053974442;2.5647532712600745;
0.24169782808135298;2.6084594576517297;
0.4701237100263868;1.8501848248045314;
0.23780479941680552;2.577554094533972;
0.06272930110203137;2.6211548578738584;
0.2099112033632346;2.4369060536680065;
0.2620032890409236;2.4322623798771876;
0.27305038229995576;2.710509605468636;
0.33852586009021546;2.3653722903015946;
0.19636727167856213;2.5351751860692846;
0.15996574180719678;2.5380754602988675;
0.3431963959966545;2.503354251114307;
0.19573280561864276;2.8296906019618753;
0.18176563511131566;2.470124406567886;
0.3436388626599765;2.592957304187916;
0.16807869150931543;2.4716325002883024;
0.09981373513243769;2.425273407358335;
0.06913228393436355;2.8417603323099936;
0.08716732616560718;2.623539336275369;
0.09409132824942035;2.3423686793074245;
0.2706865745181923;2.5816745463334754;
0.15034553233806708;2.6668357469123682;
-0.01654654844020259;2.4611422889918475;
0.05368415828507056;2.632340626151665;
0.2729936203924822;2.57903672489495;
0.08108271023727284;2.2842524293868665;
0.35347483358339765;2.723072881528493;
-0.03594437284513974;2.3990430964093883;
-0.011677812014549926;2.473518135780952;
0.6683703654076899;2.5178452742592556;
-0.020830710469872893;2.260966651047285;
0.25647813410821685;2.6332900573382387;
0.49389468613947957;2.4168249512852213;
0.4030638037532547;2.492628101451941;
0.23853290651277256;2.592929838228636;
0.258116706833542;2.2281389811442676;
0.44175263442461854;2.424696472157354;
0.1040317872864753;2.417747788916522;
0.14492496356871304;2.3340497077096387;
-0.13337713840041704;2.3130349397276504;
-0.011261887215747779;2.1152288111183486;
0.3979696122426342;2.5675281668845633;
0.2555694956140367;2.1025601578518667;
0.5445498298823765;2.354381581620817;
0.45536544650798444;2.3761286844626444;
0.1949258150920249;2.4531741681478856;
0.24292341529069642;2.602322218700233;
0.4655359127165213;2.587285472284655;
0.3539174436303521;2.6685006331180996;
0.18247771359007325;2.4473429784621885;
0.349394906253522;2.3079526623063353;
0.0491975990000727;1.9503496849990336;
0.20827398296518587;2.1616761280714507;
0.020980969351375445;2.5193916055920207;
0.11271573240726451;2.6045622014251295;
0.5172083826890228;2.7577474410433758;
0.0689940919548192;2.6382348518446186;
0.26367493653156976;2.5228826098172714;
0.40504743013572375;3.016511714832043;
0.20952989745250944;2.1494688734750524;
0.3387725310318064;2.2936041919578836;
0.15736565707227906;2.3048201893715707;
0.3478619986552823;2.4547535623393992;
0.4986444212224606;2.1836916508854083;
0.5584968578273133;2.547839593133024;
0.24521950825222727;2.3287241868578015;
0.3047554598269401;2.785136785008805;
0.18249706244512465;2.461635286200378;
0.5176979217910612;2.706349173718494;
-0.022714052221309622;2.5343790922118608;
0.19678606884539407;2.4986564419199944;
0.39315096747064604;2.8119955514656687;
-0.06677510000057857;2.4030037075004946;
0.29045917788470593;2.6542612024393044;
0.0798463295711338;2.2101348780544807;
0.7013070639222014;2.782221317045556;
0.12554112424255026;2.399238270284017;
0.30801351686572626;2.70776466570689;
0.20718487770794985;2.435945088135003;
0.6077820634068123;2.5673482370479905;
0.44550251595618007;2.233783637888995;
0.5225814371421408;2.3989739835271555;
-0.05017009476526041;2.437959446395325;
0.3237638448206852;2.6403414255055684;
-0.08105766202793169;2.320608947729733;
0.244216621884966;3.016014273946629;
0.6487327671054239;2.3938191445130683;
0.3751739712101384;2.623937924276354;
0.28705281133786753;2.711359509559934;
0.1629305810015091;2.5645290328443364;
0.33661342462650923;2.6257965210081604;
0.48512452089692726;2.5134147184460303;
0.2610822983352268;2.705156849279895;
0.062161414859109754;2.8445799429913903;
0.48691627201961324;2.1304412992258164;
0.13037865518996705;2.1321388777205277;
0.4009457295392941;2.423977410032518;
0.014732753081089345;2.2633907089014764;
0.28627472390008113;2.229885245616208;
0.2360324322709662;2.3773780666854067;
0.2938163161992349;2.173479433450152;
0.47310228382906316;2.654001577316718;
0.04472497014515889;2.28921169234113;
0.2473446348468493;2.2925464253633865;
1.9653506891197505;0.9299127538368137;
1.7383765337406674;0.7217057677095838;
1.8261022559630748;0.7936552667398475;
2.446164771670112;0.637308136321199;
2.2718569633537595;0.8378523688494435;
1.8516971295012687;0.3842304430530303;
1.6509021599630889;0.5903446181749338;
2.4310863280838415;0.757471050543474;
1.9546359326400342;0.7894612602180997;
2.31529375753837;0.707075238546349;
1.935509606580951;0.37524553033051067;
1.972756987465589;0.7520497315585281;
2.0693163774741112;0.9613390270715443;
2.3026876226509696;0.7670860151592909;
2.089614001781051;0.8635131936511545;
1.7859285542985917;0.4599251188641002;
1.9654108223193394;0.5772029825545135;
2.216225797928621;0.7876005207961798;
2.0695215614882687;0.8151261041506627;
1.6387809228262633;0.8060386978012046;
1.5616224413623212;0.7681198260048783;
2.1151411538964355;0.7831683394905834;
2.109551836931222;0.9363918215474205;
2.1003699943508036;0.5317456380913693;
2.1348586770757403;0.4656049428741294;
1.964758400791473;1.1114242525333775;
2.13783849072382;1.0342353395066262;
1.8882627446204612;0.7458861006091877;
2.0018432856686417;0.6200964435468186;
1.8344079602295487;1.1104474167312859;
2.133132840337164;0.8721836762089091;
1.781201520809978;0.6497313271565334;
2.0737228258221365;0.8218148355608795;
2.100856538424362;0.6320310731351781;
2.2583290577520656;0.7152376706189535;
1.7694919576436032;0.7151056133054484;
1.892726667086672;0.44915171730424697;
2.1291785032438995;0.9909218394625149;
1.7394621473861882;0.5842154620404822;
1.7509610927209442;0.5729521477726449;
2.2575261602360874;0.47827444378644923;
2.467783262995921;0.168741644065026;
1.7881277984003752;0.5298474913187176;
1.927540464716727;0.5558670034424571;
1.8476828813875947;0.308445958896238;
1.9752465957488339;0.5775512071584571;
2.10656501335133;0.8127972761149114;
2.259919838394357;0.5961344226019968;
2.093375793456616;0.6438596125998439;
2.248769601357142;0.6950842457832284;
1.9826294731987792;0.8545662414336932;
2.10530946119466;0.9076305254593041;
1.9778008563163354;0.8342492966914686;
1.8675602162989566;0.6265620324515058;
1.9225428708291799;0.3911882945379322;
2.0328214972381597;0.5509506167161252;
1.9890574824168512;0.9057379329110572;
2.2859739842704125;0.301951588002633;
2.307618929472967;0.6056790159469911;
2.1928866487470087;0.8631435442120527;
2.2692226602443144;0.8471883599545897;
1.6873185958449617;0.191808008729213;
2.3267298820440363;0.6652297496069552;
2.3747993886036545;0.48884257263713454;
2.2361130498168587;0.73978231792622;
1.8989206759467177;0.7778832965470298;
1.6192891937123481;0.6709906109506901;
2.070362116235568;0.48548186672984917;
1.7649607872971023;0.7429517094773891;
1.7643229223211594;1.0474173049459123;
2.521012801542439;0.6856463650887771;
2.083719413065891;0.7268584075949546;
1.748940844466376;0.9079187088490757;
2.3342681297739984;0.291503478990035;
1.647118594890844;0.6294345456351942;
2.0549809044067735;0.6852817256160206;
2.117039336356551;0.9531409332448909;
2.145108875074277;0.49396200568470094;
2.4441532335696254;0.625982677575111;
2.008284544991155;0.9129665522974599;
2.0326569006764115;0.4312008258822773;
1.960774119601596;0.6475189835271828;
1.6198077536778677;0.7685813004743144;
2.186410612792736;0.5564468117295245;
2.08519767728081;0.4482876708807154;
2.363822493783277;0.8119106423109606;
2.236522694974739;0.6549495530239735;
2.070955954004751;0.7839519234788146;
2.3426000372103415;0.7613890699482665;
1.8106372848274075;1.014746559414473;
2.139367778235525;0.46607541804590524;
1.8409016076239617;0.7013746193490943;
2.251220785194125;0.9872229929027775;
2.028837386925783;0.6435697609625934;
1.6425341591654632;0.861924290013423;
1.9160729524133633;0.7085943219362703;
2.201787376633308;1.030708455256183;
2.039500025421708;0.9634238943252692;
1.8292817825345715;0.5784469144908119;
2.405070142427616;0.7816043840525456;
2.548571220764314;0.7154374289643054;
2.259338926325127;0.6871569810964793;
1.7346369813892746;0.8172012456134987;
2.049305805488024;0.90935733234381;
2.2778512231767647;0.8546344796389183;
2.016890701140119;0.709020798101389;
2.0802639648387817;0.783858328924712;
1.6926042764974485;0.7548719704246655;
1.759572376690066;0.7408133406056802;
2.1618697319641664;0.26993983542471117;
1.6457494321698545;0.8904356390321178;
2.0987061714504933;1.059379272279508;
2.1051644754772925;0.7340042275729685;
1.929148560719808;0.5515388065650614;
1.6717738213399687;0.48712695231197156;
2.131323622224262;0.5278895427093746;
2.023688164947947;0.7876456854515032;
2.162683502110243;0.899814659883651;
2.209766373557655;0.8588791820770625;
2.0059655529777336;0.37829947788584706;
2.0533274677984177;0.7226832953434734;
2.1218541158684894;0.6456633336575404;
1.9408390159929727;0.6950732417095754;
2.013387665395231;0.7727154746408811;
2.1723576874742445;0.5445816949610529;
2.0533559529572942;0.48438538994106595;
2.0659468202039637;0.5702856168827442;
1.9596185965950133;0.8724813130761369;
2.191811917944663;0.6532825068492114;
2.0611016655555057;0.6117743111287305;
2.2549509772691128;0.45627274478556473;
2.237891502719177;0.7972723461899813;
2.1169494427557463;0.5992379569621376;
1.9586443873181876;0.6834257160217367;
1.9243732262946809;0.7458275557636529;
2.2463792695405305;0.6481347986321482;
1.988953071341516;0.5503724409518647;
2.0130929078610227;0.8381784909095495;
1.722104830695982;0.7317701849944829;
2.045009081897842;0.7071857240817938;
2.4103760474247986;0.6736088322861076;
2.2232206962309906;0.6675921421307631;
1.7537703512531877;0.5553048600497583;
1.9637597502229194;0.7585162627533705;
1.9695401898104774;0.648206736538713;
1.9069485969996849;0.8819924904071114;
1.7955068829506227;0.5709869139828927;
2.358446186258444;0.842436113706396;
1.828498277504369;0.941776669728762;
2.1070710026336212;1.001289787454817;
2.3161943932488924;0.7938666731239065;
1.93345407160514;0.3842110710829905;
2.4002517821823273;1.0322457450801699;
1.6165757055274572;1.0849033283545397;
2.102312383608518;0.7764984483457342;
2.078228907268362;0.3184946577852446;
2.0529055426234097;0.7148086803558433;
2.3935545672303054;0.7803798338404745;
2.1828845617656345;0.3887666827106966;
2.2431335925269718;0.9448226786266998;
2.246487637083163;0.9459480796236587;
2.233009217410562;0.6619115473628364;
2.0960496793129653;0.9205547864823937;
2.121961608757905;0.9879479930220931;
2.098397615239023;0.6482140654183367;
2.255605700493513;0.694280830858498;
2.064343103571863;0.7876376268310595;
1.699587459240588;0.8550968840578812;
2.258210408232515;0.9835753906684073;
2.088242515670092;0.4319558391998506;
2.1175421609432936;0.7667111890924916;
1.9014383345635155;1.1115676101047107;
1.9208372485902674;0.9956809779545364;
1.9860558478070824;0.5715363468639442;
2.102750888295602;0.8118410076579521;
1.8263920055241338;0.8082638599983365;
2.0781970168737276;1.0823608702190846;
2.2295435434226993;0.7348606717991053;
2.0677241597265037;0.928322929502334;
1.4688618386551475;0.6715297957718463;
1.714906023994298;0.7014215764792635;
2.28858780970504;0.564163279541249;
1.87959883811192;0.47683934404239625;
2.1633897772274664;0.8483977695605941;
1.7999264572234985;0.5391062829535089;
2.3343275127426373;0.6390637233561647;
1.7573371630443342;1.1235543558919638;
1.990638509086339;0.79308518908254;
2.13076907091119;0.6397168120728239;
2.246063115862718;0.534770607708847;
1.3330178439915543;0.6903623649499733;
2.036765302069645;0.739492628617436;
2.299991527990785;0.6231602283791439;
1.7678704139629744;0.3304641184920718;
2.1319652082338645;1.029564500258429;
2.1879854676424944;0.6336467496984134;
2.15333862052599;0.4275024852076974;
1.8734146362050885;0.4401520556618059;
1.8409257168977522;0.49161156520469773;
2.1263130789429288;0.7518770694747731;
2.1037812684851973;1.0910116110707104;
2.0479195099639984;0.9437586028791247;
1.7669441292142314;1.0802330333022638;
1.9495239427463191;0.6555551746808593;
1.9968393270557743;0.9953530122394894;
2.1779251325379905;0.41082387181067626;
1.8959678538847855;0.5917665257961318;
2.0502438644967698;0.6600115802358956;
2.259390085169769;0.6080268188212359;
2.128608498192056;0.8777664051247541;
2.013194601017702;0.4409551874310598;
2.005579367350419;0.585109873878096;
1.883124812483555;0.8162679345566497;
2.146881077307074;1.1476927896766589;
2.160970284147469;0.9142535277345296;
1.9230695426877247;0.5884662191070917;
1.9132035341566338;0.6292540841224462;
1.7355857130887244;0.6982562873109418;
2.0690181523914015;0.7465328561150205;
2.0582758210684915;0.502985390972091;
1.7746193024780452;0.2934718807558434;
1.8305802867190875;0.7823352064765593;
2.337750918163392;0.736670522342334;
1.7899563310459814;0.9785286442768077;
2.4177723845612236;0.5908338215835127;
2.1478764652685447;1.1256646825869414;
1.9846940611505082;0.7944170054059506;
1.6940843223540765;0.599024025998224;
1.89163251353179;0.49908637239668974;
2.045929904800739;0.7943879012154667;
2.1738341583404064;1.006387388675531;
2.1646523827630055;0.6596599666324474;
2.2388204976626396;0.7309684006666607;
1.5317025024819646;0.9317066021211574;
2.234071343354701;0.7359193547136892;
1.910395858968374;0.7689740607202663;
2.0191611401978884;0.7632026764341608;
2.0911284709241524;0.7794757232876364;
2.127738774120319;0.9667990809361122;
2.1842669850458947;0.6651113546254286;
1.9898404047272464;0.5789218940748725;
1.862160771311891;0.6893719312292491;
2.0050526350744082;0.4846307788018758;
2.048053480278516;0.6074880788916964;
1.8040211446070589;1.1026374068670302;
2.0501661287398525;0.994893622851224;
2.684439840647122;0.9512058618991596;
1.616330655198943;0.7916039583306366;
2.2044223467196074;0.5541759876449116;
2.0652729452952703;1.0557984359163268;
1.9435423408639576;0.9301873603044675;
1.9417377885420204;0.7366863804868765;
1.7057501260278716;0.8463329134865114;
1.8293897883103778;0.6301603012778907;
2.0283987748587218;0.9191732873662497;
2.176796948901554;0.7501761062926258;
2.115043256778582;0.9407719531248884;
1.9692686354407456;0.8232675589577965;
1.8343926352619209;0.7414233944065622;
1.6344424984825523;0.7008622416564543;
2.015347259445193;0.5148930044282309;
1.9833157188871182;0.7702933685431193;
2.3668142112434816;0.7883626789795155;
2.120964925969997;0.5931105892042945;
2.1532320604238304;2.289723746607423;
2.3903234239936317;2.5093274679342956;
2.029821667980387;2.6185271510996193;
1.9652039071362981;2.571629793470536;
2.2340353225660774;2.4576145417688413;
2.346745616457931;2.0982309804926036;
2.33515883895768;2.2644074898677107;
2.245631134139555;2.4586512713728865;
1.7644951326843368;2.644951286652361;
1.7787683545521995;2.1001039880936703;
2.0968477441620856;2.4238665870332534;
2.1092024113497057;2.285075132605991;
1.986536029882704;2.3954628105503732;
2.1425119338496037;2.489500237475176;
1.7661768360053867;2.249352064533743;
2.098857946509552;2.7078346636393236;
2.0840089530698735;2.483581441043262;
2.14997171433046;2.8013212735018067;
2.037669877838019;2.6730188180013204;
2.131099272826878;2.098568420185104;
1.7812494626630135;2.456612567969394;
1.8961502586216106;2.756181541360695;
2.1754180316727605;2.304033648088194;
2.0567124677613915;2.8754080739467964;
2.155714180068502;2.4747529717313936;
1.9746206653411196;2.599742368497386;
1.915985474900768;2.4971679239891618;
2.3431331148707524;2.837173689080511;
2.0942391850682394;2.4979105858911326;
2.103710270173922;2.5542322223514162;
2.0002224404211666;2.433809180251067;
2.251285178070912;2.3233660182559475;
1.990155263297888;2.3681258046963674;
1.8685664019216581;2.4935836816297403;
2.351000807081007;2.050014932908303;
2.2218356581611016;2.585847391704374;
2.2956542664085893;2.473048174805343;
1.8880287221434786;2.603493276030569;
2.1498930118242234;2.151234021782214;
2.290002631071509;2.2493967460492454;
2.0132507633474135;2.6748905368777582;
1.9790117998415264;2.5279762425223686;
1.96661820709577;2.325586239020174;
2.1756786124960006;2.211413786785803;
1.892982767358951;2.7240551849690147;
2.441342140379755;2.5237985271502046;
1.943151872813524;2.461357506227356;
2.0495677689549683;2.823909849262765;
1.9341910031616312;2.519565383362665;
2.063105879868042;2.530665925119414;
1.8943393621666083;2.4881410371754047;
2.147649212647385;2.6458843499932163;
1.849720157113805;2.210747753936853;
2.3509089827812133;2.497883224018818;
2.337628697047198;2.7280775132852124;
2.3130062383420147;2.5452455080736014;
2.0775162813615515;2.39843450979147;
2.3116062963442854;2.2124331151707346;
2.1259595017425994;2.1070017946943387;
2.1252197295214876;2.3094662596135422;
2.094821099527487;2.250129680134986;
2.091516947420386;2.224695637001976;
1.9292881035970042;2.3526059685629646;
1.9555782103680226;2.9228210820749374;
1.6895409267145955;2.5094912365650144;
1.938011683449402;2.059450777347056;
2.0425745094201884;2.6340358687659937;
2.1395412435212795;2.519798430579595;
2.3850913069306188;2.481901886107057;
2.108983911307199;2.486325670922864;
2.4909179197680573;2.452936575505255;
2.077430535088081;2.554405799427536;
2.181917669496407;2.2672248237140264;
2.242686225944656;2.43486962342211;
1.9479108608349427;2.568177861401978;
1.8216650748457681;2.824490788528739;
1.913569661227431;2.314461331548666;
2.237400241021721;2.2251386834493334;
1.996742570965028;2.2183911909639407;
1.9521367289083775;2.66729127387776;
2.391187520122046;2.3895270881507313;
2.2351705160872446;2.5456326395918407;
2.101753543508542;1.9971309207057948;
2.2951637212272864;2.8435972447425053;
2.2292527667213426;2.734630291596945;
1.7852846540703573;2.2904453062703647;
1.8745612442994495;2.607785959617744;
2.2114003896240155;2.30076461892446;
2.1115147388341446;2.403101877857152;
1.8172585895374604;2.2058662617506593;
2.3371956651933132;2.473906955210498;
2.030129145151808;2.35992664235581;
2.0808402911440167;2.601792725280843;
2.1760788237601507;2.474105739238476;
2.0158486558539286;2.237603234163466;
2.229641641551168;2.627718079723519;
1.8994452974791014;2.266801303926743;
2.3086677694128532;2.207566474781334;
1.8521282948424442;2.5757965352473415;
2.039837023810429;2.552662073992007;
2.53064919152564;2.3643008031212474;
2.015599864946042;2.5686130717401547;
2.2842980248589213;2.3878805561703196;
2.29325243047294;2.3865649744145485;
2.346488287710662;2.3236885155652813;
2.1496003833689667;2.430112430285107;
2.0080679784096196;2.48479193497277;
2.170452854774624;2.5700688824692404;
1.8372711028823765;2.5504665892466063;
2.1446836034807033;2.546836602275137;
2.025725593176342;2.243316754544024;
2.1651042266215166;3.03731455183313;
2.403144142700032;2.5470413619584957;
2.215914526112824;2.457925221340803;
1.9805087027125885;2.071566286619336;
2.1612389806042516;2.3421854573691996;
2.2699555606722215;2.1724573837048764;
1.9401017303998844;2.0794673559444763;
2.171321756681057;2.5502692877078914;
2.5362357933207806;2.218133927570242;
2.4886641750103005;2.378554871748701;
2.0251469453715196;2.397730969627298;
2.414943127745846;2.495872405497006;
1.861858858394533;2.6105443774578485;
2.4396162047430403;2.3781401754302642;
1.9756580550570215;2.4864217002199576;
2.4017543765542553;2.3564156289252525;
2.0836909901316156;2.719280847768475;
2.2127488184368764;2.4715472052043572;
2.224857227946576;2.598307456394561;
2.1270749505528976;2.184444373928183;
1.6375541869480423;2.3421628419972214;
2.2425476878873507;2.704783248013777;
2.387861843035491;2.4916769240369625;
2.1763975634335777;2.13987897958514;
2.5828809174582603;2.766466191065654;
1.9916470190465685;2.357172136784173;
2.0177724579793455;2.3746363018046073;
1.9075594871797228;2.2999911409062896;
2.2592101966502907;2.5799378683447247;
2.19639104774777;2.703970267104992;
2.0202290666006286;2.847341233151779;
1.9702340664124676;2.594206780901596;
2.3010902619908755;2.7002677448413706;
2.1820148355398516;2.4806403427814034;
2.2514366766157416;2.190661498196176;
2.055374207312564;2.375308977107098;
2.0927904377610322;2.653897569733953;
2.1127334431679747;2.3995950442675618;
2.219726392158427;2.2782169067697082;
2.2290615625055974;2.672417779996982;
2.0969416074404363;2.790213002930693;
2.2968021777781122;2.7859650815242376;
1.9118764095780334;2.430492222123551;
2.1623332466158174;2.7049395538581833;
2.5690933165904495;2.3923548379405415;
1.7280983450787664;2.4368557772648827;
2.1926714832562904;2.2795024616004156;
1.9286199318492148;2.5798718150888242;
2.1876625125168307;2.6615265544334434;
2.2519464144570307;2.3000013357392004;
2.2017048221193183;2.4604375319466754;
1.7068445505392749;2.4910487450991154;
1.9662217130864903;2.591791443317753;
2.208149629200048;2.5395144460406347;
2.275122949940225;2.6267891312552623;
1.8371031831968851;2.2020023599332594;
2.462052832015809;2.6001564922471028;
2.2046530224360947;2.5978687678156684;
2.1234081442379638;2.4783478407245063;
1.8843588199702515;2.4225772059633237;
2.182437126762672;2.273935599587415;
2.383146141362931;2.2920352652429634;
1.6911281430487775;2.3128643161016935;
2.2914564840879965;2.5240356140446365;
1.8738507231146464;2.5563280194764366;
2.0663425630734134;2.333825679599681;
2.1288348394006498;2.60798404665125;
2.1502692167939643;2.5608466310143636;
2.123674412933738;2.71975629045364;
1.809598149215773;2.32421817492196;
1.9957273723197573;2.6679869037991133;
2.201577571007968;2.2416345600880363;
2.1345814279579316;2.260150298334445;
2.013472246519146;2.504959742689598;
2.110501560160929;2.729821078885269;
2.521401579188968;2.7913977237945766;
2.2450689977959253;2.3320360410171563;
2.3029298856942493;2.4361133898275313;
1.832933061887706;2.375350894768761;
2.0906765370732097;2.361515466162369;
1.8158586151588574;2.7033991646820623;
2.411438079500672;2.702947290561823;
1.794111139643844;2.52368143058842;
2.2427895657450443;2.5408370613633244;
1.979522026206715;2.658196906818024;
2.3420015594902206;2.2045796616119167;
1.9371720110279353;2.4122428333918915;
1.7768547503382148;2.9366498476188014;
2.1823481263398654;2.352815692621716;
1.969216101199425;2.384054808892216;
2.2478093484611033;2.735140668846801;
2.099070693557672;2.110786007695208;
2.4176404921244252;2.567601958893739;
2.171946939041605;2.1834884775464816;
2.1866641564473532;2.634853608560004;
2.0611586384456273;2.1235537978929213;
2.2231223727019036;2.4737160095054103;
2.340439917966518;2.252146856042413;
2.403778794071036;2.2669677178960415;
1.9652038336435749;2.3305995090199016;
2.5465835667187924;2.4928336981405135;
2.09079770797007;2.506789596105035;
2.2036689080096075;2.264103030145219;
2.075465621199663;2.6921873978397204;
2.2851202658131347;2.3119953732543874;
2.0565467686514256;2.3331697935227314;
2.0726683481252417;2.2853115303686176;
2.021709597119834;2.597476238246788;
1.7916634019825812;2.4727380956757816;
2.2606270665727277;2.6989767196871304;
2.3331569932276466;2.285366500330654;
2.2225950339620635;2.5713642351846686;
2.195105036546053;2.2582276029692503;
2.0048771642893746;2.288172805765707;
2.1073979077769227;2.2359123168071093;
2.1121132524457393;2.766531662172447;
2.266189956373125;2.3764552083775077;
1.8574925000138447;2.139576835052273;
1.8189333038737394;2.5012704300390607;
2.246799080306809;2.706174439573256;
2.221527318701293;2.6628311063628;
2.1270754755983816;2.622821620148267;
2.081818277131358;2.6659017072933198;
2.5967359783723554;2.6622790895784108;
2.088405214308221;2.285970610156839;
2.006585839306956;2.3301165975426796;
2.1465983274789315;2.978183274505012;
2.1679169799458737;2.4013574469019683;
2.1954071284281245;2.5287172411819783;
1.8918917457397848;2.7698157635677694;
2.117998794307112;2.6228318284929744;
1.643207951258794;2.2181001934636893;
2.1454668716432206;2.4961416445663573;
2.073593002850848;2.4842158579323157;
1.8582002748716506;2.602018182078882;
2.12463582257668;2.7345080095117464;
1.7152596844438786;2.5551866850943457;
1.9690321995882345;2.4241987526753745;
2.247869587531184;2.3341098394225477;
2.008953353133661;2.1576050370355273;
2.530139865456354;2.384240432864025;
2.280670191161096;2.6412396889542964;
2.0641782383815093;2.2212705808898936;
2.1905752403584087;2.292582466515354;
2.1406486263308753;2.6856495964442444;
2.0040282252285113;2.6279051173228005;
2.100441483905443;2.3617124362805653;
2.3026351887293695;2.3140866144259444;
1.8748791346400633;2.3056592154217324;
2.2052456547657107;2.5587760326922058;
2.1532605510832674;2.647062570313918;
1.9647573819179354;2.2618546037893763;
1.7981160936316705;2.36472317662761;
2.0986391171646503;2.565268791141256;
2.0516302722169737;2.6754751036092306;
1.9679331898599828;2.384885916411377;
1.4696125289644235;0.32055367405275803;
1.2922228160193114;0.40853374599562553;
0.9487176629350571;0.38174139796302486;
0.9558077638668006;0.29357865973338293;
1.167926632186596;0.2751347458406933;
1.1678841405746765;0.2993633358355016;
0.8487573596622672;0.46114416616598286;
1.06009432832994;0.3900063381433173;
1.3445199583635374;0.3448544908532809;
1.127942695231859;0.4118248422335344;
0.8491405098232219;0.06509705231771284;
1.0681679777900683;0.32929646067588486;
1.1009978578046993;0.507001494219538;
1.4183194533948464;0.5853675460763633;
1.2222855853217653;0.3247516110180647;
0.9149155871352597;0.28506453445546054;
1.134171336192777;0.4544964250264124;
1.0391015514645014;0.5206452347446525;
0.9705206687257218;0.5459944802211734;
1.0325328998006231;0.2788354093282134;
1.3237147507018538;0.546327781337373;
1.2735682094643348;0.5470069032553638;
0.8230950338985179;0.4530822010323893;
0.8551374603492852;0.42668355186926554;
1.0264681657510806;0.437915377735254;
1.2925115684892485;0.6032973171842553;
1.3058406986439026;0.4191914708998565;
1.027688593845266;0.4050679293502853;
1.3322889082573577;0.49671296901382006;
1.3550291211195562;0.7330802505137098;
1.3323601955668518;0.3940642133359376;
1.228828361378116;0.1825241840521828;
1.1443039373152049;0.6687829729580297;
0.9688376564286192;0.2850134255188378;
1.042721985429239;0.44754066865854536;
1.0490433027925756;0.6279411777770777;
1.4172135666477323;0.5054381706634522;
0.9917300429388569;0.5239666328655556;
1.1602724633638586;0.5775190030679678;
1.2612107610153065;0.1789705571952256;
1.074766196422282;0.3677562756430114;
1.4922035049142524;0.6168094369435154;
1.5065994756107348;0.41830909332509864;
1.0370080552497885;0.35258609993546475;
1.2284584137658805;0.431364402026084;
0.871386766083204;0.5976610462131194;
0.997000844307981;0.43008822373310374;
1.5279549322613764;0.4533004179107233;
1.3266862167062325;0.8277641164921887;
1.2186147528326106;0.5932806520653306;
1.483355371128512;0.43722418733211305;
1.4548886001295112;0.5203556982502346;
1.1152364995283388;0.6481071956567227;
1.1219495294424706;0.5030653033431847;
0.8502290301323445;0.4188417826831607;
1.380834725443624;0.6194283535785547;
1.3707672944217129;0.9003545019886712;
1.0837628025507873;0.6786025561008242;
1.2996423528154435;0.5277004792241492;
1.2258221618049971;0.7634540104245806;
0.9379449726934682;0.8832379967657404;
1.078472703074854;0.7760864814024325;
1.1307061222680703;0.548154917881967;
1.0327259922257446;0.5978312046055873;
1.0964465262346643;0.7109415893139732;
1.2068478518680812;0.4365488431697442;
1.141130933298838;0.4202587714466176;
1.3043222619079118;0.585785886742992;
1.0437812364060177;0.40856277647193867;
0.9988187527818339;0.7241026833994251;
1.3103919776342723;0.8233342529245363;
0.9420546584317211;0.40114711942796394;
1.3700765318520638;0.6151709582526853;
1.0908938429141397;0.5106316083137439;
1.3904938790131565;0.718225053013644;
1.032953709618803;1.0107668614102778;
1.1955253290351096;0.8882967250262752;
0.9667650385058976;0.5687528175082486;
1.3047601791464325;0.2065020156158393;
1.2561236537859592;0.731258461668593;
1.3621175566060353;0.5375268934055746;
1.2972756539757864;0.2429995314800854;
0.8605402235153001;0.6394436547315618;
1.4676860911753495;0.5829492908771724;
0.7448042501876471;0.7278194560959966;
1.4292309766902727;0.5087527893274004;
1.2551051052566133;0.434009576011109;
1.0000502704651857;0.2850011620444978;
1.0130187297602227;0.5346198482395955;
0.8470820338634695;0.5140852164571093;
1.0497808487229918;0.45685223018067206;
1.2851657499406495;0.6591019704790868;
1.0838762064586518;0.49863345155051675;
1.1614437753095255;0.5887473419787165;
1.2429795855694235;0.44633445418833645;
1.4629648371685093;0.32453352582380557;
1.2039470996228412;0.3082699145364134;
0.9218443613425299;0.6904675137798473;
1.2670228901575564;0.779828584453301;
0.9147734857558094;0.889195230366066;
1.0122192688396003;0.6736475169697749;
1.1743610664551258;0.4485527617526943;
0.988968039881648;0.17002192213610895;
1.1436530142154633;0.5069985471795194;
1.4360331642052877;0.1613187410120585;
1.188240226433226;0.6667941152787202;
1.0604601634119655;0.8951227311857158;
1.217272339483694;0.3600560235474928;
1.254450091047893;0.4413805279410761;
1.2227160815429665;0.0167724322223885;
1.150872252067727;0.6148949211863852;
0.8479883086206601;0.26062820271714965;
1.2980424320326482;0.7281736710019988;
1.1519876187678506;0.36698931550772906;
1.259477119091746;0.6015092835578719;
1.0505929820189488;0.43879153618411015;
1.359297286920501;0.901459414725783;
1.076658877290644;0.5956515601709336;
1.1085036340358625;0.7070918697562864;
1.1253594978635602;0.3962179408393257;
1.0951116036385096;0.290404989582242;
0.7982591184797356;0.37822255626369505;
1.2654605667520116;0.6321817372274798;
1.4051408448146545;0.013799088609979582;
1.3675322920592885;0.6427650923411875;
1.6277371161915193;0.1402717365680648;
0.9606045368648549;0.5544829818237338;
1.1827415861075392;0.3549182286737135;
0.8098842274882939;0.4908783714049548;
1.2322864476710313;0.1599077195934886;
1.3905659182992796;0.6663504939993207;
1.5102652977901285;0.6999656778796732;
1.0098663956723672;0.5239628242145457;
1.4296845571867383;0.5854566186090253;
1.0616536980798283;0.3908040008686343;
1.2855585803384098;0.16328667267317543;
1.0165626515900552;0.707948509578237;
1.4694761472210183;0.36056014786066415;
0.8525688329691378;0.538729983856544;
1.3046270430162612;0.4639370383020269;
1.6860450636815947;0.742757827397786;
0.9497288513218346;0.7253318586015749;
1.0767348882237784;0.7958592177769079;
0.9881261553115966;0.88977627779088;
1.223286766641594;0.6254364017634655;
1.0151589589406218;0.2291926838770197;
1.2874571248598217;0.5348275822561857;
0.9495302822120445;0.41472817268996925;
1.0095430959405647;0.2577859460160746;
0.8336303010977862;0.5529101227065027;
1.0582704670432264;0.732901214202058;
1.3141353035936076;0.5721429117144152;
0.9707779863892011;0.6509083425230305;
1.1518754171425896;0.5073624065426428;
1.2216692284715895;0.6595238894632931;
1.145903691740293;0.5871498154568496;
1.1976748491003426;0.6361442281545555;
0.9906105171216198;0.37618621574665534;
1.0716550175146586;0.6766614018060191;
1.2173467721497178;0.4039539673280026;
0.8444784221545129;0.8945421683182271;
1.1677023797605264;0.5989167587054955;
1.3227382506886596;0.49256125141321994;
1.4465227197156107;0.6892153230012972;
1.2976786970873473;0.6852594784652727;
1.2215568445854446;0.46958758459335137;
0.9459280493808141;0.8761665026117813;
1.0231223765603086;0.12218361343999584;
1.3224559812550603;0.4283478026597821;
0.9970908352478245;0.39683011418701747;
1.0425768925258312;0.667809885493206;
0.9130399726748069;0.6464586633646925;
1.5487474717522869;0.6156238374916742;
1.1714819687621365;0.3356688779548035;
0.9938214238698131;0.35974019528154605;
1.3667131374756292;0.4938415628456567;
1.6268071658319476;0.33697962363998035;
1.2260070499983076;0.38502544928137183;
0.9571878856754681;0.29214949246929933;
1.071248528309859;0.573055987035697;
1.189046665662109;0.49902484553339344;
1.0463414210089772;0.7362442852436557;
0.7556229949217528;0.5611418975788259;
1.013756872034998;0.29446639627002036;
1.5043196378524433;0.6704039226446296;
1.1487988887180405;0.5095285277432354;
1.5560314570367204;0.5402605056984243;
1.403861553724787;0.6223950876019262;
3.1102001504476617;3.217698908038639;
3.4301386824338147;3.9781902046734485;
1.5473676566806778;0.833256787938061;
3.1414179615980555;3.5856271373080224;
2.20492492096697;2.6592932803168305;
1.202589636456769;3.609495412001407;
3.859939796415195;1.3464980213841313;
2.3841836948086583;3.431313320861133;
3.341049316699715;2.871513914713978;
1.4454416816784716;3.7885982023669253;
1.9595735616034142;3.2978372902648507;
1.0272963213324975;1.4103014252309531;
-0.46214200483652307;0.6532846543262987;
1.6942242335500732;1.3983954320325405;
0.4312238503031094;1.7702317772960003;
0.26573442237243716;3.987218167798795;
1.2763278533298124;2.009539527524462;
2.1724918878022774;3.4572038411726362;
1.6757874421018308;2.62941194964948;
3.056940863764613;0.1402689486330504;
2.1466002103070903;2.666389628192119;
-0.2862193441901015;2.1303954651049306;
2.9181875371649553;0.5672625553808559;
-0.2682419651192873;-0.4951534721095371;
3.5648210970116834;0.9478944866406365;
0.8549808809384316;2.5689677043737333;
3.4967371954369475;1.2577834415481837;
0.6293202157288715;1.3606758770280547;
3.514424076431454;3.7976378430498343;
-0.16254499800363842;3.8895012051403537;
-0.04863675063682016;3.9713324276590836;
3.554729670961006;2.3394486654115187;
3.8919377462002043;1.3533133176320447;
3.3772294866195516;1.2349592545416526;
1.5532651053543627;1.6178539600618174;
0.9833458355224463;3.354900324227875;
2.162392514725108;3.6075220686641316;
0.6905880613554332;1.4807808701713459;
1.0435902420542196;2.314796552052453;
2.5605149617867893;-0.11771708540510167;
1.654407360898435;-0.1870145149309445;
3.3863948571934834;1.2757215900935777;
2.9737015247123173;1.2004216959578533;
0.07056841944538217;3.839186775302741;
3.9500332808751963;3.915376647544634;
1.961474966113442;3.231894377236649;
1.6646156291517409;3.3382084924882562;
1.1739179232398942;2.444664143552637;
1.9494317514875137;3.921973169062136;
1.760381664422403;3.2034644769383607;
-0.07180831558056516;1.683055308987068;
2.8360764497768205;3.5586082270423027;
2.315466757796038;3.2393343775972587;
0.8858770273171381;-0.281549392036753;
3.3176467118722677;-0.29501618171715965;
1.497431140383215;3.128339948462162;
3.628288479655941;1.138207094769141;
3.1714556263017455;1.2530858228489605;
2.299975997485874;2.8910466962434493;
3.1575987952611912;3.9943570812736624;
1.7049861454417972;3.628861129231277;
2.952237530982802;3.663192194865567;
0.8678583614282165;3.471142418663523;
2.173189618875853;0.4321961538151293;
0.1643887848335316;-0.3449400209883499;
0.9955608768415218;1.2120202199292756;
2.7336223494453207;1.8384420230396947;
2.1928096541961333;1.4323640199012453;
0.9420917576114913;0.6398684316153569;
-0.4223998130225117;1.2590090018282931;
2.372852203689902;1.2601278895758448;
0.7781277333612597;0.34528870182649896;
0.08578742155906993;-0.45850069609138044;
2.3173398712331403;0.2989170697463279;
2.3102127556083234;3.5991507145497987;
-0.11516271819051249;2.143244828140908;
1.785977648782878;3.70240540271472;
0.5042306664913854;1.6657798629138267;
2.6650693827799796;3.3927058367948755;
2.0023391722455623;0.1762054514031819;
1.722146654131739;-0.10018356643020476;
0.7808566645920396;3.3411454412807142;
0.09948274229394638;1.2581325758567885;
2.375975328458913;2.423575132420657;
-0.07052805439267246;3.6309268379861956;
1.6669418651259171;2.4310416071936314;
2.9361561995204775;0.22194019009502308;
2.360639912393669;1.3687547015490575;
1.0161523633619292;3.7909355271930103;
3.0360236648589773;1.001128176266283;
2.8389132173464575;3.6926628727675386;
2.579597492734;3.2484940252487564;
1.186429709599242;2.027141581627542;
3.2811215169654813;3.5844869454012427;
2.0732835299779353;3.4232472937850535;
3.187334793712578;-0.4460171803331456;
3.1493841764953636;0.6772995998839602;
3.0307302840621784;2.301503196734653;
2.9897765398452907;0.9336758763088717;
3.6602756570989428;3.2856351353618756;
