1000;3;
2.673795543070275;2.366462676994584;1.0887936583461557;
2.4148698877214523;2.013637877037249;1.2331715072235034;
2.8402709703623783;2.2501624389294412;0.9576071541207166;
2.5768179496019727;2.05634712680558;1.0424449121418582;
2.671178404134663;2.0970269316789554;0.8084053421513415;
2.6838050905045456;1.9224825128049785;0.8880678455714393;
2.1284198379909993;2.1713397744365053;0.7614238321641145;
2.3712683087066644;2.258543933235719;1.096027485398771;
2.503914962690304;2.267190209350158;1.0561524817068944;
2.4043557406264027;2.1351813784742433;1.03870715190788;
2.438829394615302;2.2006044763440338;0.9614885422769541;
2.493557363156872;2.357284315141684;0.9864375268280011;
2.3901857703099907;2.247920099300486;0.9855585221756746;
2.256641363425005;2.0661396948885864;0.909395817095424;
2.2831969554019973;2.2763195827357476;0.8326881136317605;
2.3992499484796945;2.250121185752718;0.5882192649926319;
2.578741554285553;2.2082364784705697;0.6843932583496191;
2.6670533732994794;2.416940882165472;0.8368197194518644;
2.8295667181769173;2.3872328834559697;1.2219137673202924;
2.8359463723125753;2.103552455460785;0.7667168184721251;
2.6087269251862777;2.1865144442807467;0.8337105005432621;
2.386812098742189;1.8188834793805775;0.9638003673795323;
2.3312962921405473;2.2899991813128833;0.7070401493219061;
2.946684458456498;1.9428793371679691;1.0061395335629606;
2.6708563391250593;1.980255120881652;0.924389974429226;
2.4510648944723767;2.0799166746809874;0.8474829375101711;
2.780150930707806;2.3732344655143174;0.9937976605900317;
2.6107135773819223;2.226705036466569;0.6494141969598055;
2.3328661710100915;2.2541507021554485;0.776824377819579;
2.7395972259845784;2.216857578002653;1.2062103171890728;
2.440027039998477;1.9944129645056115;1.0179174637446504;
2.80878322165672;2.435882093986399;0.703161879020761;
2.345005307262643;2.3506429440275847;1.099510449126774;
2.516297964513058;2.1598860958416317;0.8899546392955855;
2.6822101341636873;2.2545491102909097;1.2955607208776074;
2.7962297872877055;2.414989172427374;0.5580144542865539;
2.3953516243286415;2.5050559340607363;1.013716177578617;
2.279384886403925;2.445413441656342;0.6905808265487768;
2.610431491268247;2.5612231341372027;0.7677637547043928;
2.5168308167154523;2.2427047562314253;1.1833047346309007;
2.7184350935506223;2.152083912700288;0.8790765344807041;
2.6995896281808403;2.4382316687664787;1.1215542319909741;
2.6159185797613205;2.6035244502613506;0.9345879747321932;
2.8003472250791512;2.2528371491248187;0.8160045117995965;
2.75056148859444;2.035891027122236;0.6148620067120055;
2.121971734156457;2.3601670584312386;0.8757956674361032;
2.1613299137184887;1.8443824852174109;0.7480673710548608;
2.4333516419800767;2.253599655112511;0.9379009325628346;
2.429761086312128;2.7626497960273455;0.8853835033325538;
2.555867585764181;2.2675375560219955;0.812956818038801;
2.3240431589097783;2.18991223608233;1.253843885990389;
2.2851977275159108;2.3891627174419168;1.1443568501132002;
2.6295960530975857;2.295798960464963;0.9718710873809464;
2.6673782033999447;1.954192289398776;0.49347074928698215;
2.484554677971387;2.1689871440323927;1.0401472315131721;
2.7246453134157895;2.3267015104171183;1.0294465282784857;
2.3196461663200365;2.3046008364768915;0.7738700147215258;
2.6368553734688076;2.206828178999882;0.5773401251556768;
2.209424241618548;2.0515104836876312;1.0859655592785353;
2.3785875372705716;2.299121780626081;1.2650751705758188;
2.4943193856666284;2.035526354148054;1.1138745014978508;
2.3787435721070542;2.316106463217651;1.0434561813638081;
2.4500522211588835;2.1473927395369055;0.9913860270550675;
2.5581789012792724;2.386148350646334;0.9378105918944232;
2.467233402777766;2.2562139514588977;0.7460022191165001;
2.394826622704795;2.469707847547915;1.119585002907591;
2.0229793497424207;2.3257109715085957;0.5473105863404427;
2.2531685959570176;1.7674073031889979;1.0296854141007676;
2.4928570893369355;2.346119695297784;0.8524217467149213;
2.4506422574992475;2.0331567447482795;1.374806630949005;
2.5774669430970976;2.625182909709519;0.7320984497939261;
2.5338530030591624;2.1539620611519017;0.5562902009238606;
2.2753650292532708;1.9816673864387335;0.9050977221114977;
2.5064181579365723;2.5727592941414508;1.0059596638913333;
2.5271741484292605;2.3147314541947748;1.1826639774592809;
2.6212707952714256;2.1602019075212193;1.1897766601059154;
2.6812261424629593;2.1331997189875587;0.9399582722072006;
2.7943874639171544;2.5233266201750437;1.0876989233424355;
2.657266169990124;2.1391666428245166;0.853008107504436;
2.481455889174485;2.1010075072046144;0.9352614249999075;
2.7433555120034834;2.574967295403705;0.596027921052643;
2.7795945405859364;2.1824981449049017;0.9011335647024346;
2.3941987126435884;2.1256161607630313;0.9693515470767959;
2.7418133721003786;2.0348595221837016;1.246580011615308;
2.7350223718099604;2.2690214035747043;1.2343571797551183;
2.6270575228393582;1.9239935497699132;0.6893835906461616;
2.2374348423250003;2.127439781822693;1.356911557761277;
2.2454461228064604;2.3486330699975544;1.1825947917908484;
2.4696236436245718;2.150752910238877;1.1195774104206226;
2.7450143440439394;2.444542632794333;1.184459771564789;
2.3034728132883266;2.403360621280439;0.6862859702210333;
2.258592091770082;1.9721513962377286;0.8890683175864016;
2.7463216740034686;2.211588286966174;1.1766643669870351;
2.07903288146725;2.347169804623555;0.8392411057221738;
2.418389178490268;2.276056787313847;0.8875836382567239;
2.365392238372312;2.3716651981547554;0.9939501266881096;
2.1939518526279853;2.2771837519873475;1.0137421949930552;
2.173704615691367;2.179723775715153;1.0819978317201038;
2.538673918697863;2.2946040859191026;0.8800466110516787;
2.628478532013345;2.025684429567577;0.9533601334796383;
2.6306861306035314;2.3346295908420145;0.9774269923435588;
2.272202422022043;2.3898071107329537;0.8904659725853482;
2.765205776749448;2.0849106492286307;0.7889036057896041;
2.6972215937920385;2.1434411672268134;0.9037662641792784;
2.4447093926358523;2.158329602700307;0.7693382383543014;
2.8088628911009947;2.140569193706738;0.9565365561784377;
2.666235878397967;2.049514457473001;1.1105152141912846;
2.6846158415624464;2.342011170626212;0.8322324038929734;
2.9856645371193338;2.3490177257664437;1.3280485637312252;
2.7486910276451644;2.511967498782911;0.932232835328065;
2.349924108675781;2.5365818453388664;1.2636054686300344;
2.0603855560850595;2.7115341693313746;0.6262033183066709;
2.5847540612473443;2.4175592675915887;0.5589159251024013;
2.4360355094801607;2.340714187935324;0.5229518545870088;
2.385923909417909;2.1850312229798754;0.607796075778066;
2.3079605762861726;2.2685424532870173;0.9716088848966489;
2.581732934333694;2.250638622007322;0.9574224316151627;
2.5198639318313276;2.2367509459056505;0.5830672379389139;
2.3153297525445176;2.1406545276270466;0.9135704219287843;
2.445360380743283;2.5273615622090397;1.1266308870167252;
2.5689584147875046;2.1549846848093583;0.9125406281724449;
2.912289699639103;2.108997095847086;0.8922124768759632;
2.5902535598508054;1.9366545031508642;0.7871243876079135;
2.724779922692744;2.0274282396380334;1.1786029718592015;
2.1935779770703046;2.0622134535579195;1.3117274803895098;
2.2769631397654835;2.463607260793517;1.2032304003007086;
2.5232811851482135;1.8529848580571069;0.949778931935234;
2.7554333037724654;2.4369512960324244;0.8325137191571311;
2.347582021526875;2.312602164336056;1.0837499521656888;
2.6047026235423383;2.0682989129234377;0.7148683639170506;
2.3791213909651963;2.1726830017989354;1.1674362508232186;
2.582768111225953;2.1302591282931784;1.1126089881231351;
2.3581596432849596;2.013655565505371;0.9908699187832812;
2.642882015577607;2.192747190907325;1.161654532380656;
2.398088020248229;2.253964608482259;0.7267986622777152;
2.0622555399872455;2.4399488346424887;0.9274860760697553;
2.5391652155125604;2.1357973980330107;0.8809600146408474;
2.641368178808495;2.4716989312951756;1.0466859741556809;
2.319233886169309;2.14496164625938;0.7719533645351228;
2.8684069265983587;2.2742227701393287;1.1939732428608512;
2.3545955965738874;2.363678171576338;1.1727665663631928;
2.3684436530570956;2.329275868389545;1.089944618770284;
2.7511567532657897;2.465729107039227;0.997314795012038;
2.369896131497602;2.2736252001098176;0.9152195356710113;
2.7590940609057863;2.287948723639877;0.7042015709172276;
2.2017405857688694;1.7623742893033576;0.9542542851117488;
2.6553284983395686;2.433487000171438;0.9893477650022271;
2.9520577423595147;2.189099315476129;1.05462920356985;
2.187131732621821;2.129779675761331;0.7987549551844269;
2.314462427308412;2.6007196409875837;0.9370967617265262;
2.1943687481729777;2.334527754410856;0.8945286355693536;
2.5614728700982026;2.233999131753217;0.8286411876145842;
2.45358553822836;2.016011658756128;1.0382109456937783;
2.300349018473313;2.1922956397202196;0.8363871299641166;
2.5169193342466483;2.5103208741837753;0.5600093196620722;
2.4004888792412946;2.269490494549883;0.8062935202801614;
2.4044906685806433;2.487153149918252;0.7134551752790791;
2.7966886915298335;2.1808495172354743;0.8440597662130224;
3.0229301855940713;2.1714544154945266;0.9423943783805049;
2.5025541978459938;2.146806450777412;0.8244775055648613;
2.479894742637517;2.1735790638735457;1.1321346374250474;
2.391277493353487;1.947639004986987;1.1671216422523991;
2.306276275232763;2.1317463835723136;1.139621732601004;
2.338823349440636;2.1010784288863498;0.854688816400911;
2.207812507563542;2.148642382978459;0.7273672782827767;
2.4561894629230383;2.080278300864215;0.8977222743857706;
2.789867132871275;2.2640154530074823;0.7864542001531191;
2.1020516102131452;2.3640246279865376;0.8215684031649101;
2.4765687830269174;1.9507310641859679;1.0952621205012605;
2.404275960004696;1.9421054768191697;0.8044993642583274;
2.4553793591207063;2.2693841133122605;1.1394271071112274;
2.5995684937268506;2.3989240808801564;0.952801650107754;
2.913931278955446;2.7108405970353004;0.9766066253587272;
2.392202531269303;2.2781080368434057;1.0604288813240612;
2.427786321726648;2.5507404013124253;1.1020904263602842;
2.4767847009979995;2.059321555131917;0.985848688586744;
2.0332705366679487;2.177587325670394;0.9358516999669467;
2.312291467438503;2.201888569181045;0.7089844587493188;
2.602079106169909;1.92745236223938;1.0896847993820542;
2.697548589135442;2.132336323905408;0.9672812390608152;
2.3211609645314835;2.356909483461859;0.9473859718864174;
2.455218727507212;2.3738561870385633;1.1551258914841203;
2.797915141371143;2.4069599722636887;0.7232023879355249;
2.769759455910391;2.066026016862372;1.090514195590215;
2.6359623606854177;2.139014430308954;0.6015206028269388;
2.4114681371002242;2.2473525931506586;0.8102120749599018;
2.1102212683057178;2.4820304461640745;1.159928380348358;
2.449653111617045;1.9274777727950603;1.1020510834694708;
2.465188997612298;2.0748182676752687;0.8297017883551523;
2.608027430752534;2.2992711253162903;1.160863586643638;
2.9436869476027017;2.032693899517228;1.2935147613558637;
2.6929814255660105;2.127647438635296;1.35564364676007;
2.507951344510049;2.2796380458449095;0.8795775910591944;
2.6682603689552806;2.243013010635268;0.9038547886765271;
2.6382021239858626;2.1859351316440097;0.8049540291716208;
2.839609688721712;2.1759692701963065;0.9226005383993731;
2.4882147569577704;2.3935851439418805;0.9679648997504549;
2.0716837836896658;2.474026291838756;0.7454718275019656;
2.5370417541891124;2.298554663769535;1.1134228404540705;
2.551732349779643;2.2250040586909736;0.8670816281797058;
2.6413119268622394;2.3037918701292197;0.984054452602137;
2.3505124992018036;2.335651338313886;0.9578963632441015;
2.680663365417854;2.134346318930376;0.5997108475836201;
2.575623487123117;2.140125583620999;0.6431785845540234;
2.725814737408098;2.110452133052209;0.9846754341491939;
2.8488472968379277;2.2230379839998893;1.1846307690527784;
2.294525058492499;2.3998416347983964;1.2386949865394554;
3.049773397800237;2.296437763636369;0.770932810547345;
2.5787589282551124;2.0991049251691454;1.206632139792555;
2.4333725573252805;2.501585726537721;0.8452686148463914;
2.5276467648825984;2.6201149864820765;0.9716136197244755;
2.6718398801070156;2.197885072555077;0.7915362839396776;
2.4335876006121486;2.425405025842316;1.3513749799137333;
2.1677788827570166;2.6011978581816777;0.7653615261362522;
2.331058572912618;2.08352006391886;0.8205291770846604;
2.3492056432324753;2.2441540159130238;0.8951365062588039;
2.5071041224795363;2.147166990957755;1.0574579358247878;
2.8418626929119166;2.1789331709918476;0.9869792843373129;
2.6228919952856935;2.514904426991262;0.7305022735034558;
2.714735713639807;2.625441712377066;0.7703773520524666;
2.4601649906585403;2.1099371094947785;0.9904076518613115;
2.0723673959877185;1.8853354537854403;0.9955934140396391;
2.26573507465559;2.391394045148554;0.9978246615590762;
1.9578850306980395;2.049284888312503;1.223454324285981;
2.7926261987618717;2.1798318539781363;0.7557403135956167;
2.3215838176248518;2.4098593572854856;0.8177471189088128;
2.2475656381036937;2.3138529165686754;1.0103362534050795;
2.5587856049356668;2.253153496055053;0.2896049178619984;
2.1306552482928915;2.3538889743823437;1.2620318280191547;
2.456520107775033;1.8948304341472437;0.9808613399163489;
2.3575587264516886;1.961145788780428;1.1657670799809927;
2.329215535527763;2.4013375213824903;0.7765878891953102;
2.3922571796543655;1.724377747405887;1.2383474765735916;
2.6925533220193336;2.3201210641729433;0.8373991666148972;
2.234561706661434;2.1201128697581524;0.46689639112970893;
2.414113359565572;2.332039737562076;1.0421308432102445;
2.657357756549658;2.370127912173634;0.9542106091801053;
2.7363296858735557;1.9719232502614403;1.2252171630482436;
2.434673678252065;2.0333412620833116;0.9046912984858201;
2.3130690490927246;2.2011687542779805;1.1643671837885832;
2.3889962545189958;2.15321053976941;0.872603022586478;
2.531613396929984;2.5330759432857017;0.806627008486554;
2.6337015920341043;2.314742402947549;0.6908591778230434;
2.5688910199254966;2.0374251332554105;0.8095601564066344;
2.5357853104929333;2.4145220969081036;0.3780503093263846;
2.4316836859373505;2.141587719173792;0.9419780510250705;
2.287897073048085;2.2324982246983662;1.2736369240193741;
2.638204246559823;2.240903759922335;0.9940705965260537;
2.2951244039134724;2.1705041452863907;1.0699432456597737;
2.5995910681093797;2.2656088204017846;0.9274738209121574;
2.6243057539778483;2.678907834096237;1.3136691156939428;
2.713393164362716;2.1174465530313196;0.9409151445560827;
2.2909632779101194;2.3808505227306664;1.0095837760486333;
3.02775571472638;2.1240152150429283;0.8813225008471827;
2.597334105658177;2.567075835977382;1.1042884332380352;
2.4403674440798095;2.452859012038577;1.0646878732567304;
2.6590659421345135;1.9847514717061598;0.7033808833093127;
2.4663866498101354;2.2177044060486497;0.8179309018979986;
2.7075196239066224;2.3846686263970094;0.636307005096747;
2.214549633973673;2.3724485520020906;0.8361507637955442;
2.85421835584385;1.9908409316080722;0.6886290564364963;
2.3741989074718215;2.263971203838132;0.8741039364259507;
2.64866338996391;2.544368765582197;1.1215783589255643;
2.6984573426472562;2.227848548178109;0.6529977382876472;
2.3105046399882383;2.221929805007343;1.0160554096509342;
2.1793010903180563;2.369163754105104;1.024840009057218;
2.2801778303050257;2.4542823652358283;0.9866836264067502;
2.5779529829113694;2.4450844967007903;1.2033880832048118;
2.7707495658655814;2.6298093338350634;1.293239042300074;
2.299987966140904;2.4470700306553566;0.9374041895184703;
2.5581677906211864;1.9859390649192912;0.9591694195643696;
2.6372072068992023;2.1603503922217007;0.9937204887729872;
2.9423184964029296;2.560547418926755;1.0600874030521452;
2.518682141046229;2.0014368362548134;0.7223814764073574;
2.7257434551922795;2.299138016090017;0.8794869863660203;
2.539245955358136;2.475371954079872;0.798516093662686;
2.3641045891498695;2.4492861245872035;1.252850275385608;
2.4848771282563478;2.1396004507188477;1.152148577328087;
2.361573989721942;2.380782395962032;1.1736978093145896;
2.6302949915953935;2.213430879514443;0.9792796465239506;
2.439833906471913;2.3070962315404704;0.9904715393582859;
2.2783448079184483;2.3731337253357814;1.0315755090738665;
2.505160326638534;2.507549256167699;1.354442437705852;
2.045705671691371;2.8235430108054604;1.2303494946408073;
2.3887524886595566;2.1878289157472945;0.827890004054915;
2.6693178676557627;2.0712624275035805;0.7163175116962355;
2.3010855001216273;2.386392798738501;0.7285639073947794;
2.5470614194505004;2.3214122812479396;0.8849829816613972;
2.4846586386363527;2.0925192137108795;0.9836021588181237;
2.53679102331576;2.470767173688868;0.8731830947222102;
2.7257242901776166;2.4506753743525067;0.9331760681933939;
2.617755905815929;2.296722127134396;1.1227394703724785;
2.097964196690234;1.892576851489833;0.9025968642581103;
2.7449177307389867;2.1662590384619094;0.9302052406204065;
3.0471878515606554;2.5216925330415285;0.8719216833198766;
2.5285718653538165;2.5896968995083456;1.0032134874366734;
2.4243575679812994;2.3411024306001456;1.0832402028761925;
2.6375495461915905;2.455700578875738;1.0988173947189628;
2.5008944542583595;2.2074484966240675;0.7038588178336884;
2.6258776592535056;2.3481523902244237;0.9968717318772061;
2.4787442267780104;2.350250894491589;0.9901487894939132;
2.779424977160206;2.1219493397025357;1.1831808203714955;
2.7238752213209696;2.4104270758235136;1.0703511977808673;
2.532364294571391;2.306799812370011;0.8792743161353818;
2.4605400623365945;2.2962720807616774;0.6891186681359682;
2.3992891822474838;2.3020542088983134;0.4344285644608128;
2.706409757213038;2.325423758445914;1.142173231071682;
2.3782486145743778;2.2944951669175464;0.4859776026111087;
2.6625066127322587;2.5669561216830377;0.9051668407627069;
2.683540399128447;2.479551368012774;0.7420216365483133;
2.637998014563559;2.300170410541725;1.124652006954391;
2.4359376777604127;1.9655400113393502;1.3499729141084156;
2.305708351731475;2.3567728927711116;0.9625251715060434;
2.343281855202108;2.173999646199982;0.9560048293867658;
2.5986703342338355;2.50278994381068;0.6880987848953917;
2.6783982043717987;2.2336982451359173;0.7332303327669093;
2.1382986314749024;2.096467261004975;1.052093761502578;
2.666401410870913;2.8134160812729396;0.5057355200597993;
2.6836106072181125;2.134972119158381;1.208187731914506;
2.5864484725285357;2.2234542847649195;1.085227897084824;
2.33895735252152;2.4492299445663055;1.2441139675270105;
2.219635641714849;2.5129059711045136;1.457442609750895;
2.212088862928438;2.5232734276250155;1.037731875025214;
2.3322333912118647;2.3979564152025215;1.016202556088196;
2.8792448811035345;2.320312534949811;0.8152126176478836;
2.3435174580314047;2.4441088603361196;0.6347612085823497;
2.2037737266410886;2.123704300749522;1.093551513658935;
2.647743350576188;2.1672559546712487;0.7955434266514987;
2.275571869085436;2.164800248598163;0.7744350928540144;
2.2479501290103863;2.3734765596972007;0.930152744065458;
2.4117465900708446;2.246270006398955;0.875738455276104;
2.5032576957277124;2.117607309325699;0.8675318575762352;
2.4248196888827973;2.6371739032799493;1.3106326024378434;
2.327718773567364;2.7783967942436885;0.8985003601569903;
2.982387588379086;1.9751056673733374;1.1840765549366878;
2.578757536761217;1.9238089535447747;0.677836747771708;
2.403466899958046;2.5047178199269116;1.0340930988525172;
2.607213639394829;2.48391866247291;0.8776794397384913;
2.5317560927781555;2.055216039818638;0.7235607928055326;
2.150455473314862;2.658263063517457;1.2546647574925152;
2.2252834295950437;2.3031509832942283;0.7198282877882779;
2.298177304367172;1.99678734374858;1.0697501324009702;
2.845480020596353;2.4361008892535247;0.8076659703345045;
2.531773441083994;1.9948664613089453;0.6348738868921722;
2.588578304139631;1.9425404101980588;0.8424889802920079;
2.7009206075986225;2.2228942672992167;0.8964341807729398;
2.755528378166651;2.6923211898386206;0.799708667260666;
2.6240625262485455;1.86061914787094;0.896757303077813;
2.7883436596863365;2.4001335835408493;0.8521494381180981;
2.221272563965457;2.2202500523368025;0.9665959337172448;
2.577978131646416;2.3402865515495526;0.9291480960181924;
2.7035509149610095;2.30306446993905;0.879624496171189;
2.5269277839877846;2.662607680778163;0.8145626797054141;
2.150160841866778;2.379764897090696;0.9290985818914897;
2.4235684471021375;1.907903432949121;0.8946178470920042;
2.354499533995256;2.3321934878178676;0.7861766167277338;
2.2009433663985782;2.3828661706982595;0.940789423926188;
2.2830955035916842;1.9648375308597228;0.8501167200955582;
2.4994946970178638;2.0875682232607216;1.1271018976989384;
2.667663549538798;2.301934251908876;0.9846262696207503;
2.3879427012249193;2.175993959670498;0.7353930466968531;
2.5030808666466995;2.335316062388188;0.9615251298685941;
2.463279634613218;2.3309000587858395;0.6340972235787724;
2.1518373955818246;2.4559296131091286;1.2438892476799026;
2.569353632993819;2.339383438242238;1.0564280831640038;
2.7649040099571565;2.307547843533329;0.6027400372316303;
2.032649168309431;2.1643515868423027;1.2048362076635182;
2.304776248660622;2.3646104619777573;0.8566814705773053;
2.4662622976129085;1.9988487696215174;0.6346787440599934;
2.376833108882084;2.2013256872692697;1.5043871157763644;
2.0091853119295795;2.1957941630525806;0.91953590854677;
2.5922091332306967;2.5009678213735156;0.9083642861100477;
2.4258973226099987;2.4806885536120076;1.0467725206253848;
2.4135997096894934;1.9425598141954699;0.5356968912023069;
2.3640073997551863;2.83856371072912;0.7855681846677922;
2.614482934535732;2.2624170988310164;0.7989368230378578;
2.1509478482293733;1.9364688586479706;1.2027874985294407;
2.525027594522867;2.1890491132115657;1.0030519453020006;
2.4171690152985836;2.425539707996486;1.3558879474797678;
2.2074005156972563;2.387520596527057;0.9439637919686675;
2.3139100946747613;2.0021302872477658;0.7741734056035736;
2.453469342162936;2.4470374189485478;0.4706031522932951;
2.309398330668333;2.659337992602862;0.778901964452932;
2.4291915146326137;2.575549277348373;0.9611260981669016;
2.550727419887994;2.228602671693393;0.9098803153842219;
2.2941632333565556;2.160668083357577;0.938824269777545;
2.3463295791798906;2.217772901836929;1.0686218791143807;
1.4625388621165425;0.9161446814545998;-0.06090714415378373;
1.403357210529745;1.0658274189722288;0.17855430032848021;
1.3276805709715092;1.1849387180398443;0.2965515604796424;
1.9695093740872542;1.0496384507533334;0.18087927780019122;
1.2869907798728517;0.4877795586891619;0.09898895044841395;
1.7533387698965306;0.987077316528805;0.11478529262624874;
0.9995311833415474;0.9059248016775124;0.0031345092817227915;
1.537487920895392;1.4211324057420902;0.31130546812230914;
1.764873985162592;1.044572206239369;0.17207273579602564;
2.0846226889815176;1.3254618363215855;0.41962600933814664;
1.79727523669003;1.3441645707493943;0.3924993258928959;
1.8244107056133945;0.6048467834854113;0.22726170247036123;
1.5313666012426566;0.8371617322286059;0.3103985591445522;
1.421287278361795;1.0754477749772433;0.3810280234444264;
1.3888640753483557;0.8768623402980003;0.2519518056957751;
1.5552297381472513;1.0115441122909878;-0.05253604698910397;
1.4758127832662973;0.9637660641305504;0.2208816984452371;
1.8490025666783878;0.9434666329516808;0.32875410551934203;
1.215845095862743;1.0000033576041727;0.04190987378570499;
1.980974753806243;1.436639444229306;0.352852976869506;
1.7300512497938114;1.0464163574062706;0.08688242931868836;
1.3435657596915742;0.9986485005024016;0.3419156971349548;
1.8080636435608537;1.0517829148319262;0.014699901245477959;
1.4305961540799943;1.2403841642519489;0.1541435531916468;
1.6228221371554274;1.1799404071186845;0.24602080475221477;
1.8342868416219966;0.8177624462158587;-0.0850526417306317;
1.295284283931504;1.0716599398463498;0.10688979611008065;
1.4751722131777452;0.8124007074423052;0.3125202766012966;
1.374569828523573;1.1304572725990811;-0.10257492864340018;
1.3967143313555095;0.9543754783195497;0.1388624056452744;
1.8811061978271646;1.116854062791033;0.10467733286597042;
1.719494149108524;1.027260570469741;-0.14865849120713792;
1.37475506010884;1.029908694032383;0.2899706536153743;
1.6470428226019225;1.0788067340474456;0.22571167951542284;
1.3647655355584707;1.0057035953199864;0.002420399616019836;
1.6527614095429413;1.3919336673085665;0.09497994832716879;
1.4143717465182821;1.3415431916613434;0.23844338014378633;
0.8415336883024064;0.6130740979022555;-0.05280786545279503;
1.6185808060726956;0.6078614675483909;0.25862042789337203;
1.8018261166483835;0.9860563476012513;0.15114873631509831;
1.0646378617914922;0.9273256472720903;0.3284344282771292;
1.5310394212290372;1.0086017863431855;0.0379155131682927;
1.699646159975684;0.8399211779523059;0.38201063285711945;
1.7891380994968547;1.2363384932985682;-0.02499191132795664;
1.475607663020441;1.3083868257875029;-0.0164417805840551;
1.4844343029486844;0.6597133256240202;0.40260535276850584;
1.7183939316104777;0.8885982979590851;-0.1985633490124752;
1.3227796700404049;1.361287434076246;-0.046140869734571766;
1.5146295778151677;0.7717277076003177;0.25975446824346154;
1.917319425295131;1.1608331809557626;0.016097862692643905;
1.4511018755457055;1.0570646672215536;0.2723154696990104;
1.461018562812273;0.8989332635274514;0.6005489799330124;
1.376878496311861;1.20879209762029;0.27243759976025433;
1.2707594101852404;0.9423636319100572;0.8114691914804587;
1.713795295906195;1.0373444418186781;0.14540039425457363;
1.3590739775578067;1.1061344517225689;0.32136443894431077;
1.388234055223294;1.0558358239249568;0.4941761270552084;
1.691035670937368;1.0359548178923097;-0.33389761827950193;
2.0038864286836002;1.0494724656725993;-0.03606051370067631;
1.5038332237566352;0.9082316999837198;0.18006607867289032;
1.450793149681364;1.0319763752967008;-0.08098995637915285;
1.5356633505599808;1.1712217110246554;0.004307198306518711;
1.7477703488214833;1.0310723388516052;-0.19353466553812476;
1.3769145957144946;1.0486045721499369;0.17535395494377895;
1.7093093809453457;1.0117802296020937;-0.028374715704406306;
1.3051690205880462;1.0364510748748026;0.11869305429504455;
1.8584943193418304;0.8995570317252263;-0.023147606490604544;
1.4097241367403264;0.9989381915773753;0.11441432272148745;
1.6881686553334967;1.1987086893556187;0.2644205235898462;
1.49046257392595;1.317267909724027;-0.06144782607650656;
1.889867404243285;1.0924550335938903;-0.035220768988421136;
1.4988354524565306;1.3215930970219045;0.5479332255822009;
1.403454296495999;0.7908048702352293;-0.05501993759018331;
1.3572338768683738;0.9536207517593008;0.07915913855063281;
1.6063930930476125;1.0517880477319521;0.07995057086237642;
1.6914669808079597;1.1926721058688867;0.31026190362100214;
1.9593702899102317;0.9956419972676923;0.3473088842649799;
1.555051444870519;1.2996191791533336;0.06954810128573183;
1.5622391002621885;0.8630628749262291;0.0902921409618281;
1.7740525044085578;1.104277586602488;0.04338216018886673;
1.9030376410713834;0.841742498894162;0.08330362646051316;
1.7310973846959952;1.0872663018829711;0.4030532583338261;
1.4878034085934266;0.6709559221334291;0.33591301817163;
1.5751438425859998;0.8020181960436708;0.4185126641860877;
1.514360096486674;0.9112996712648325;0.1737123313255396;
1.3369657853827108;1.1329479267106062;0.017445052458808147;
1.5477136334979344;0.8089617215040571;0.051446379871089576;
1.5275476224776494;1.088294467704216;0.3433339750033977;
1.7526442853264759;0.9750806234977172;0.062383413986539044;
1.260875800112326;1.063210125067635;0.11176027713067767;
1.7123580403958854;1.3389812632434936;0.4622009877216151;
1.4374162555587469;1.0243226719267735;0.3919312507224151;
1.8364852788433197;1.401999595090559;0.16993902475585004;
1.4506708260377006;0.9700527683478491;0.2028342759494095;
1.2894689419798415;1.1239230185069196;0.30453909332841145;
1.4052970080781402;0.8146033376323444;0.26543986034031475;
1.2967549925519977;1.0269427666294744;0.23758125782735076;
1.5522425564846223;1.0300103993335246;0.22778954599553664;
1.7764568085568877;0.8333132441567699;0.06446265863726335;
1.4640653377671324;1.1339563148086411;0.043542582148572345;
1.4805071227469924;1.136813425760724;0.3123684526993996;
1.404353535204548;1.2408019083851023;0.24958010869679903;
1.3860691129024063;1.1801782398470897;0.2707155365326604;
1.4880236921289036;1.0241414677909686;-0.026693288592127634;
1.3247250025439126;0.9477017614060378;0.08170301772067645;
1.3949340668694163;0.6686457628638142;0.023920595130359795;
1.8076470760651988;0.8691022047134629;0.05720160304248387;
1.270809491723231;1.0236294961280266;0.13583296284485774;
1.3504521826600373;0.8564210623640247;0.2805300219132593;
1.6869141236262275;1.0873040847719397;0.06373984748301398;
1.7144927484227317;1.192739144530186;0.12703344237582953;
1.4412769336894273;1.208824066869297;0.32705446037516384;
1.3940927201130175;0.9825753155553585;0.2725836632120697;
1.5053409397660555;1.058426435127213;0.1281680019179144;
1.3212802231313976;0.7793734049540741;0.36081103072462983;
1.5932894237171782;1.0453316244541926;0.2495620522751388;
1.465871098751352;1.023499930827419;0.3417056646317088;
1.4250570637880675;0.8841345314001259;0.044481046580517936;
1.6813507172153783;1.0387084992061544;0.22569307939069577;
1.4330642338851276;1.400547135345185;0.06086733551461043;
1.816001482507364;1.1646688884403678;0.14163800601637916;
1.5035525904336335;0.9199959247932701;0.19003015435622694;
1.5772183705331677;1.0558484483754251;0.25255020208315526;
1.3349369472467516;1.108899609500295;0.11333424512575246;
1.622228759112061;0.8791887683423072;0.31951981194422147;
1.5370891309171215;1.0798628932891836;0.29680530523697185;
1.6301928656464253;0.7668135731739585;0.42765121947356777;
0.9901074449136312;0.9850605861795906;0.08280584534728508;
1.7424123994296665;1.1431862525908718;0.2902431933826477;
1.2837783704838541;0.9637314178147515;0.24489402386316267;
1.54991409671389;1.2131433246618353;-0.004264951663195765;
1.5819871243657488;0.9252690945663823;0.3580386190625536;
1.4011341524800252;1.0844479932981557;0.41025564963098277;
1.8474365212214454;1.0653561807016108;0.175593629760425;
1.2603566050085817;0.9248982538267655;0.2660516394106654;
1.476489945917661;0.7222221470623561;0.3124747101006755;
1.3689242063688534;0.7390320962163548;0.3317600396511168;
1.4608884248517233;1.1960831921692077;-0.0313581106645531;
1.4919077945564352;1.1063142096030474;0.2205749172978853;
1.947565940484008;1.0382571509471772;0.16785556627666395;
1.979275263183876;1.1066907457053063;0.26221203992421854;
1.5338683539337192;1.1427534826746957;0.3027933332098469;
1.6885494529510603;0.6449215094100827;0.15594453623888413;
1.0884179212991705;1.1512122427141143;0.29188271012409855;
1.4040649525844964;1.3768039108704173;0.02084674822165561;
1.6844655335348597;1.1154659011378973;0.3117779919776532;
1.2783470218061679;1.2031003244287999;0.11849837291532435;
1.849410580899436;0.7151918808645072;0.47845105492481604;
1.4162931319477434;0.998566749013418;0.34127705819602794;
1.241596890878397;0.9458953095978082;0.17112382023729442;
1.2488485521689023;1.018784667745172;0.37818280215786165;
1.6819014983423974;0.8636973063046341;0.021802619816505858;
1.187493912495042;1.4749604690222207;0.022973015117731088;
1.7368601083074486;0.9215180362081133;0.044681923229624665;
1.7596504638306918;1.3069098621141866;0.5266531529570888;
1.751922381206688;1.095471249329706;0.2043872716522993;
1.387803778619181;0.933585311424846;0.5537712458197306;
1.4644050380769187;0.905668067670564;0.021534302102354658;
1.6031768288420618;0.5471079417411095;-0.06451508417210511;
1.8806114201127961;1.181524302195608;0.304294071111994;
1.3326391132650521;0.9290089921572201;0.0698602477449965;
1.528990673442027;1.0545172627872685;0.19584060074134435;
2.0681510016177223;1.414659416385951;0.7854816560610901;
1.4435942242978133;1.1292647806313219;0.35848754168469144;
1.239230291751884;1.0397543563980418;0.047746435589460234;
1.5120187290350888;0.829848339041581;-0.18402550416919927;
2.075889850313539;0.8091104820025482;0.32751959606527503;
1.3749150309167968;0.740107676735872;-0.09603702844945505;
1.91729308453353;1.226302897315219;0.0490651959430404;
1.2842486333105285;0.9814270325488229;0.21964272831711462;
1.3545201360464536;0.9061724054183878;0.3229415638385623;
1.5350222489223573;0.4221868190917296;0.23194101628411123;
1.7089981457612895;1.1209310830480776;0.10297175843947799;
1.7353310933372872;1.1240318413961998;0.2860619504694565;
1.1100389522128025;0.9383781665729244;0.2796330404716055;
1.8522791519411612;1.229910559863284;0.32385684160660505;
1.5394207002766238;0.7227776405676387;0.34522806603599;
1.3048932016067936;1.176065679048368;0.3337438641064224;
1.1118978258895684;0.8969615291493453;0.31054413741375686;
1.640618881297809;0.930727569901255;0.159535080326522;
1.590091628785839;0.9476323412196556;0.23838203424446386;
1.4518379749259442;0.776472082608193;0.4037645288093946;
1.5825571460535646;0.9782097275359664;0.19806460279144084;
1.6443083227186148;0.993926687127388;0.11982447405939779;
1.3495911319475105;0.98580963286029;0.2659821804420382;
1.2744556370551368;0.9868347117897248;0.3171826724975602;
1.610710767903795;1.1365256885174697;0.10469677678690538;
1.4304313695995927;1.0020504807732926;0.11721572897608476;
1.96689475526751;0.7182622165203505;0.38722250719397067;
1.4351872038081348;0.9091642948641834;-0.005441573641210062;
1.8922156287611014;1.0232134426847346;0.04323010333571878;
1.4700306257346027;0.7449680401734795;0.2789621628178279;
1.9123616761478177;1.4479869513470052;0.04851851383922437;
1.7240650046037531;1.0458257057821136;0.2899808522923075;
1.266177004495562;1.3447013156793073;0.1005895041737931;
1.3715332547314771;1.1625545192228064;0.5056021371640359;
1.5349443832676606;1.0757864902427727;0.2379572885691763;
1.2568967641331645;1.0326371483475214;0.07608759420418203;
1.157835079650829;1.0113027011272575;0.14661502949139707;
1.3365422606853903;1.0186594497214256;0.21652764284555612;
2.0496650090104542;1.0514109191644583;-0.04869689096997146;
1.6354887693958406;1.3538037664208051;0.30326007546121925;
1.6887828313160371;1.2214227136854874;-0.04101911880761444;
1.899433706273129;0.6562267265013499;0.37156425505700086;
1.245221604962462;1.1955142549953783;-0.18469624930007372;
1.3113037354480248;1.3057787791571513;0.463146815293861;
1.6058610857129816;1.1539437847565919;-0.13557377339837828;
1.8750000632081631;1.0590091427775778;0.1806820245343515;
1.5355502517557418;1.0850750662729338;0.22048811522785797;
1.2633168822921799;1.3711115424543343;0.14490037073289916;
1.718363540757187;0.9494240106044634;0.22491871052351853;
1.757882624582131;0.9965888911990879;0.1946824029378323;
1.4643484283861883;1.098639830085349;0.3814238865815941;
1.3536821092844953;0.7669594582230035;0.2846957959754263;
1.4930634493496306;0.7729529638547566;0.11065522143163571;
1.4847835665679388;0.8028016365874577;-0.06308454621148013;
1.414014381368099;0.9987940950241877;0.05808962497112405;
1.7687810951384861;1.3098571563377424;-0.03838671658797635;
1.6813664570381908;1.0118676769716426;0.09894389499418321;
1.6306089993964796;1.0965571983048743;-0.031170148532040365;
1.530117291704126;0.8706922530888016;0.3664189429516375;
1.7391603367583455;0.7601193292672925;0.06739466843473634;
1.5420318074237112;1.065403094890063;0.0964318957369493;
1.4342019810196842;1.3759127990150286;0.5515961015065374;
1.6319602387488952;1.0047252355593712;0.1694567361321091;
1.3428700374306801;1.1389525652398165;-0.1570878203503857;
1.6169265966621638;0.6880745708554745;0.16844625362239823;
1.5948757647100207;0.9333786458530626;0.7411025747362388;
1.1951303463878713;0.8740319387053918;0.10805132090946803;
1.5559705219265525;1.3006882288350252;0.025125231218871447;
1.8047804221144348;0.8670303569363397;-0.01198321957221099;
1.6494646108738655;0.7413940039378615;0.07716643714374895;
1.7471442017678038;1.028472161623284;-0.2093966009523094;
1.7993238866795822;1.1324979517022145;-0.036702720536943456;
1.638746082069502;0.9387983614342672;0.19530250058440132;
1.3004581428986384;0.848219687146322;0.4028803552142647;
1.7524171496337566;1.3573948473831023;0.27708728774813507;
1.2838051105616954;0.9426592063779984;0.36230582629490204;
1.7123871621861477;1.3344482978651437;0.11250142722568468;
1.9271046896094082;0.9844508853848856;0.3691262873295676;
1.7710051813376195;0.9910294983491186;-0.07859121159555593;
1.7174126633323399;1.070291824259647;0.5419534934725388;
1.8897534401626785;0.9768584745970714;0.12114370952869628;
1.5430494733819209;0.758736969464116;0.6657424943320913;
1.3082162188399513;1.0503847500047192;-0.36871908976393186;
1.7766977055432225;1.2221232603299093;-0.1111255470032923;
1.7331895193294948;1.2220935025048032;0.20811264288030076;
1.7233713887980973;0.8735165630062455;0.2045456235238232;
1.4798807001485066;1.2028590924846176;0.12516647257071503;
2.0141516369762753;1.2038527171287743;0.11359956245904608;
1.3459331015191183;1.212243019150681;0.36595741116422065;
1.6356460222909728;1.0194244702917286;0.40944824144170555;
1.6892983671080903;0.8460771079486277;-0.16521993405759344;
1.5495455067223967;0.5895023137450803;0.01970729865801346;
1.286949607824678;0.9362015969681479;0.04385015017297286;
1.5964834595182875;1.2303442429707836;0.5175692470011533;
1.224207269684261;0.971415109185931;-0.127138877834293;
1.6717234948850082;1.0562406427194222;-0.011949957929645733;
1.40954783420653;0.6347200987403063;0.3261428016914102;
1.7843405736865567;0.6038365595614559;0.30054174268862155;
1.4507091213179788;1.2541501113879687;0.1058865677755197;
1.890603925144141;1.2103951140860774;0.2874904570416883;
1.6147517956676352;1.081998737695143;0.0358005855828924;
1.3872402281351102;1.0897085386883885;0.2188004793414337;
1.2322630990127932;0.711974145378638;-0.12769636766227382;
1.874832101378687;1.0063352633507634;0.4655329722745123;
1.5972562510787294;0.5514443305663137;0.0014293824413952883;
1.5625780750970986;0.9238957668537131;0.18037098490615558;
2.002214934789069;0.7728496096527131;0.19929854583505927;
1.5497266984881226;1.113674672041757;0.15241773859236957;
1.5764996201825996;1.048298666993023;0.4719373401469816;
1.810160417813044;1.1797099192562521;0.1850632162145539;
1.695409139422374;0.8361454273895382;-0.034499429308953805;
1.9112243174458168;0.8045100639924645;-0.14177638842252682;
1.576370285072578;0.7251838769980499;0.17295922129161634;
1.650255084712546;1.0976289716594798;0.4683683062729665;
1.6374699939794288;1.3279116439691807;0.2266843129704432;
1.6570442018717118;0.9707074150926691;-0.35497218826954224;
1.319257507401213;1.1518265940860137;0.36072806553925246;
1.5075772227829434;0.7983935464743975;-0.10404270875443783;
1.6983285891730813;1.0978172349973847;0.1048215984010386;
1.2386381815713792;0.7549252741214267;0.28281940953758355;
1.4434466608816294;0.9630040390541055;0.0843472874155039;
1.8720253272551826;1.0246814298267113;0.12016936781827532;
1.644210411649696;0.9868215465702533;-0.047442608188215885;
1.4730609881194703;0.952999973245008;0.26923659548434004;
1.5830950214983956;1.157046707927647;0.15307887095729028;
1.4224180394134778;1.2315642304289354;-0.08243578114462358;
1.4179013131369937;1.0102855852330337;0.1286744357637555;
1.3922730329619404;1.152276801262628;0.0725342672813511;
1.585422932033454;0.7371439725246514;0.08733388527635925;
1.676005045414328;1.1305134421162464;0.2713750986868338;
1.3875531034378672;0.8574906177113277;-0.045831512950053444;
1.4623227433073296;0.752943727131129;0.24973010026710335;
1.381075428008502;1.2215626389904983;0.06941153195564304;
1.3716234724201806;0.8889867467569093;0.2993554502754411;
1.8562998545522282;1.0531731502085058;0.21720633296776343;
1.4530683567411857;0.8514436681965768;0.19208988722388068;
1.2405215661067435;0.8806044044273421;-0.06834429958375393;
1.358503941397289;0.9405739221099253;-0.008410632384836303;
1.3760274037393065;0.5145948391853316;0.12168534151463924;
1.4415633070911558;1.2536060182775646;-0.011251570379121473;
1.0900507978032516;1.0227791017375523;0.26362795991806093;
1.7479679977628488;0.8601907768681168;0.07297380652210658;
1.3879055452919524;0.9800012596829114;0.31894132191263846;
1.4115409295333379;0.751545097235111;0.353837265521164;
1.420067400741359;1.2148227490693002;0.1940220532712813;
1.5738276858773987;0.5984772301926196;0.22197204111624302;
1.3582856735302493;0.9970581347105241;0.12405401532764199;
1.497462610399362;1.2056163917693463;0.16683147119483907;
1.7634948121384846;1.246454685594457;0.5212916946588215;
1.4311467373536737;1.0365178852242716;0.03489976508839576;
1.4913457530375007;1.412785229972153;0.10168630059183548;
1.438348530894068;1.230423607167141;0.15039716330617645;
1.4894331931938074;0.7358461987509023;0.3109916864425928;
1.5570451708045079;1.2654107658307896;0.2208698274357882;
1.741107808769517;0.8513320709674934;-0.10831516988736084;
1.5662990248904476;1.3785721996981826;0.2903308698740878;
1.6214989472919363;0.9262661582045515;0.07791690345964336;
1.2936121318311338;0.9002223657274186;0.10850051391476213;
1.7221146549547224;1.2155061130646574;0.053637332953101274;
1.3161161301524706;1.4252302110086763;0.27748891134751086;
1.1522924598044155;1.1993370951455151;0.45743879734027676;
1.46227958347854;1.0151736167164345;0.3618430708227752;
1.6201700381203796;1.2747951758591527;0.26102272913306945;
1.3876251412009244;1.3183170674190856;-0.03207592387268074;
1.2330377861471813;1.0218710055093025;0.355589890132353;
1.5133371575130043;1.0489450863684087;0.1961013125851931;
1.770270928323638;1.117991249487182;0.09139976170805568;
2.057099546690181;1.3722132688768078;0.35794633158203537;
1.5960813960129299;1.0057274703195018;0.20936841121378005;
1.95621644363272;0.9710642393176185;0.4495059742675058;
1.454819270246182;1.0434175667054348;0.14321966975660988;
1.4437251516121423;0.9861333100657055;0.29929555808839414;
1.49454644364889;1.1467756034075864;-0.05677810724216359;
1.564499084148454;1.0239549906668306;0.19530011075883708;
1.90878434153873;0.683064886293594;-0.09870493592868101;
1.558583033788402;0.9576189212700589;0.25938049590105244;
1.479126614676084;0.8743632840531471;0.21419042563006488;
1.5953081196101953;0.8001889720252184;0.21298265982709097;
1.398861546545177;1.1812541593386916;-0.025249336594363597;
1.6787303326834413;1.0285413770576861;0.08440081163485974;
1.5345179839149192;0.9061394456980171;0.20321444934935728;
1.6282291309652939;1.2567251971985502;0.07441065244243185;
1.8934063639737233;0.9298233156387276;0.2695424204235401;
1.463235543454017;0.826714424234287;0.07043887401808485;
1.2555128214348856;0.8506380660498077;0.22008043538346714;
1.5801025626979273;0.8340563935976151;0.1971177747693187;
1.2374492924096867;0.8435440682448967;0.18670013359651344;
1.3678280523709319;0.9418852193336262;0.06967676477135315;
1.3285184943808575;0.7536701876955951;0.24972163328525818;
1.8635944781888882;1.040222493476026;0.4400931293271031;
1.602441413317928;0.8588349692011705;0.15439241824777045;
1.540713558617128;1.176440285285025;0.08313030051387031;
1.587088696772397;0.9633011538467794;0.2643421262537961;
1.563962386812822;1.2153674626492699;0.27809065152700435;
1.7076856379545047;1.1906016562781734;-0.03347804578743219;
1.2724031941384717;0.9925721537078588;0.3105206032462126;
1.360069698354377;1.4290563264636276;0.1082862763001584;
1.3557687545398835;1.2563966126526385;-0.07092754552667357;
1.993289152869318;1.1732188136820032;0.25554853170718383;
1.7969444796306056;1.1831332690194223;0.1116518192608106;
1.7113687365939985;1.3964073125280847;0.10884428191689009;
1.408683010089955;0.750111912728451;0.4318491512615251;
1.543947390700621;0.7452201828646767;-0.17014078264245558;
1.8572823431914305;1.2743639212775864;-0.04412832690135743;
1.602469825811932;1.0649479774673558;0.19366712879621453;
1.2116458124083826;1.0251438494660934;0.29481500516424697;
1.7255993626223707;1.020301271791988;0.21348996988488111;
1.252030127432705;1.0044573850176965;0.3011582510429602;
1.5935944864468963;1.5425469610136309;0.08884626463289297;
1.5864176088807769;0.9188873764537787;0.10142891883456963;
1.7180652149543099;1.237422466096267;0.3709927622971244;
1.1499260773335367;1.2949020644980958;0.3051315338601339;
1.6239082041535677;1.0309090271217833;0.2739780170142547;
1.577360665164868;0.8298364876129204;0.11156370764658206;
1.509301273446171;0.9157853331665339;0.26589328065733275;
1.4288389267679755;1.0860491905087344;0.07550259173943363;
1.683545028845384;0.7104673638346997;0.1699806093569952;
1.249652732287412;0.9960881793162204;0.16149270268143182;
1.322265491170719;1.161274175311807;0.47053914316599915;
1.5358286247349462;0.6848186662380282;-0.1431497110718542;
1.8733448000687956;0.938501128545882;-0.044519431585812785;
1.635350836254021;1.1707825863876407;0.009323297435350625;
1.4995314573894045;1.3090883679654846;0.29668353995460334;
1.604864079505198;0.8421979302925904;0.6485192135566604;
1.3558597619866852;0.9629807944011429;0.24026746179299097;
1.5746531141344058;1.2309592568679695;0.008197404815108889;
1.1020548501776037;0.903283548165825;0.408130572440926;
1.4863120026223018;1.382736480199804;0.07949388632155345;
1.0525047430263752;1.262033993536229;0.19352412268375255;
1.3405361271519225;0.7907225130908757;0.11911924222676303;
1.3828326960458646;1.0028856069497163;0.4101483644233981;
1.6310247061838625;0.7101687330283779;0.16804541427983652;
1.8570693295572724;1.079455914562808;0.08305734140362492;
1.5815030357651565;1.2739043181045502;0.6399925680669417;
1.5209724585553717;1.2098802529644255;0.2127752833481047;
1.693619266217589;0.9465844955501502;0.21015691838687725;
1.2378679247893478;1.05633509268474;0.2972844688995836;
1.6233819655990378;1.0721137448280087;0.398124583821578;
1.274854882763698;0.8861415100938286;0.4294756357412546;
1.6229636762698239;1.106375677459109;0.3781766164268039;
1.5824623131349866;0.9608105318083889;0.19714163164728554;
1.5841237077530452;1.2532015857294068;-0.27405274964982645;
1.2872771297161127;1.1064734291707534;0.2981565882830338;
1.3817938857602798;1.024816636299207;-0.012799880090273635;
1.6059211418719352;1.2451825304211357;0.30098389542291565;
1.2834890727389479;1.4827527464205186;0.28244840761423223;
1.5016054470508764;1.0537408919439923;-0.10415921264980654;
1.1689752699814067;0.9476384108415865;0.15929750725684338;
1.4245076585029157;1.0510932236846218;0.10685640133618927;
1.450286986825551;1.2760366679196333;0.2282636378294452;
1.3973945438377908;0.9343954845979743;0.3092679192362624;
1.3941094559157141;1.2619110622045882;0.1098264832284416;
1.731874122397853;0.9660663398117393;0.4099464534549264;
1.138121945640951;1.2451616989259597;-0.07750005832182139;
1.509067636035328;0.8472732045804843;0.16456755969429432;
1.6008666290316331;0.9584532932149947;0.024639843489311558;
1.7861353742680526;0.7897285964282044;0.272414458070266;
1.4941210101029845;1.3196806507689667;0.007826395976454847;
2.3507088780878;1.0263552719367;0.26143657143437943;
1.6895825863342517;0.9329009549415577;0.564767832282564;
1.7659834455461347;1.046163496232284;0.4053626133615782;
1.593064580944088;0.7021412241750062;0.2830584193239998;
1.7644830972510823;1.2356392411531518;0.3236724530585754;
1.2565318585889262;1.2127455921157266;0.28697742681460336;
1.765669897254888;0.8580705056557028;0.5106231675145607;
1.4873937078001764;0.7526373462669147;0.29788434153628535;
1.5621855545115275;0.5252315813935459;0.30589533408898645;
1.1134997150490213;0.9998885574573614;0.44519897190224983;
1.7048525312704148;0.7136072540961877;0.19390697576303892;
1.7173226593721544;1.1776201142513973;0.256937963573189;
1.4882553769877915;0.9970132728465582;0.07228207035273643;
1.5129419722961313;1.1795008802268292;0.17109777742501667;
1.8418723268716835;1.1845841981486795;0.1704042087080169;
1.3926513031210546;0.8898810600208243;0.4446386099506202;
1.5448089343840004;1.136737515683491;0.7247946974647064;
1.4726823431319973;1.0420329618014836;0.17173395222471263;
1.6598419798595156;1.096100325758236;0.028315510508181374;
1.2226996518455846;0.9685549665443394;-0.05218056688256184;
1.5843642662844504;1.2617234116103293;0.45721246309248137;
1.361206002646463;0.994724436001671;0.19549002893217393;
1.5152420784246752;0.9623952923690955;0.39009457669183467;
1.2328758572556113;1.34280861421516;0.40637538918406;
1.9372593252194241;1.021172477964507;0.4274639303213126;
1.662474869266372;0.6752043599756461;0.15342684459456304;
1.5203361483793998;0.9667642336353571;0.24788087660410055;
1.3845712144996658;1.0606180758058377;-0.20409872151073194;
1.5533940727948403;1.109205138193436;0.21771601052036882;
1.530269131657059;1.1201209452570837;0.3317673501433329;
1.662786627472458;1.446403854038011;0.1841183310868273;
1.5846555893619674;0.7799029769755843;-0.10605812105771545;
1.997200116165387;0.6384270035007854;0.04800931488843099;
1.4974599733592782;1.0733986283279677;-0.35758431264546187;
1.5183698633548492;1.4435874743497643;0.5691634034338919;
1.8910255492552404;1.5432031266258524;0.41317563795978274;
1.2588723983111012;1.3710133537154832;0.22723963859342378;
1.2609426967295092;0.8071163747933762;-0.24735780120422074;
1.1866525113010515;1.388529303147375;0.08624876721879926;
1.0743748240020663;1.153888440550507;0.3402126897219825;
1.7361548888447884;1.5916591265847364;-0.09889310136341939;
1.7920749738763018;0.9280763475629725;0.27346096170788303;
1.641225814643607;0.9922791828746994;0.3206102542296469;
1.2554341052267417;0.992699245679212;0.32198443600466464;
1.4115009771508398;1.0830420493053419;0.1059874341529377;
1.298205617262614;1.0095763026214297;0.08332726031438972;
1.230586123171788;1.0713225952463497;-0.0030468580339598206;
1.7148012427918806;1.0844016306978217;0.35794121655872835;
1.3759579996093099;0.9170106918224145;0.12402496582851258;
1.6634762331711612;1.282495754758129;0.37136718583602546;
1.5637750551883585;0.7907414796077767;0.3567093790969539;
1.4893735699161736;0.9589649009790602;0.27970127585481347;
1.4946851566124826;0.9534270575290811;0.12348703685567722;
1.4653426456480438;1.0323378135322754;0.14129956882137998;
1.7279091645418299;0.8523663643786918;0.28231442397043366;
1.4869156950275007;0.8741822433690057;0.09336147124583638;
1.6066277568957519;0.9257547675755173;0.2221262539621967;
1.275813640422581;1.397069723173568;0.5085815402410367;
1.5749364226672693;0.6060156322910476;0.4130694846368246;
1.4483168923977965;1.3223552494390598;0.7118178819948295;
1.4448370256578693;0.6533455522398048;0.08363022445510754;
1.720663238869309;1.0416746723813382;0.06792968948556755;
1.7380001190639143;0.7759337898931922;0.25408253721960206;
1.5188136099527223;1.3144620446800586;0.21962954715016356;
1.2944559806016682;1.1736489246040704;0.09328679785281242;
1.7283534637438243;1.1125837877994675;-0.07412860309878772;
1.75652502380126;1.043696636791853;0.07607742175816283;
1.4419904092692382;1.2300902990130376;-0.018803105970571665;
1.633129246575424;1.2417789998490845;0.4210035903100229;
1.3236727371873265;0.8139077411364208;0.14894145934292272;
1.4151642230638506;0.6211800105211214;0.42987624961892557;
1.2979456116743842;0.7926784811526992;0.39634380296558724;
1.7643599077084036;1.2510630792516846;0.2119817832877264;
1.4939349942774809;0.7780370836398286;0.2643293590741773;
1.45637416470436;1.3902131493468761;0.02910688558389027;
1.2766811942555059;1.1737859075097905;0.47367744891142555;
1.7087452667413388;1.004896203930251;0.15108453692640783;
1.7121730184050077;0.9670104363647023;-0.0703166446462512;
1.261610681654817;0.9007854690530918;-0.0391809581472124;
1.3531432164595916;1.1208480337694122;0.08910310085375273;
1.7857434303636985;1.2521664834057071;-0.21352310328972224;
1.5027161399056754;0.7193558181473356;0.12839777319626838;
1.6079662087897861;1.1922835338174458;0.5255908245466552;
1.4141899243880083;0.8961365940182179;0.44812284257259677;
1.5045327907239785;1.2060924155662671;0.11669567877745296;
1.5108260230810102;1.2311599963290862;0.6722986103771957;
1.677903399650746;1.4178230537515195;0.3103287028919514;
1.2815145931032883;0.9893667131329332;-0.03973108213251131;
1.7915050767364646;1.1970722262428604;0.34844657503742194;
1.5590789929485322;1.4232919071786596;0.10619134791529361;
1.1077831394611422;1.3049336628595103;0.3888474105721317;
1.6108777398045306;1.0181222365034397;0.24600710160195177;
1.567598867558238;0.8066661591866023;0.05408419087896363;
2.077944562655915;2.7377964934318935;-0.4905524951517862;
0.999538147457266;0.5129204142901105;3.378452340033053;
-0.3948883154927052;1.8216922314963488;3.8617187148018646;
1.3527525206336373;1.6360989087834086;3.900012937434999;
0.33579553503665527;1.8748292820216177;2.2861855366981283;
2.8485331678207233;-0.015169088959864407;1.130281700530694;
2.169400233333622;1.42853118020961;1.0360112686708276;
0.057225574782482025;-0.3264372702118061;3.675660709312859;
-0.46159998576326294;1.1882509826547605;-0.3818633069975807;
1.6697804447001205;2.804599885133269;0.27363593296514443;
0.9649344681330863;1.1583165952263972;2.013490826826315;
1.672285114097246;1.512111115882678;1.6429118199339419;
3.9750364022094473;2.653595164423501;-0.2905992821105657;
-0.42132961610821484;3.460981128022703;3.8008144922853733;
0.45569532409066926;2.5154802745518388;1.1737211312677347;
1.14445271015645;3.4788349016121676;1.8316987086209489;
1.3597102634435425;0.9829081863520623;0.1518711831242121;
0.6719074522738127;0.7734712815304936;1.5667206501007023;
1.37008920257438;0.8025014675389457;1.1636149573662444;
2.9327190778473473;2.3987132562243203;1.3415449143844085;
0.18322512218253517;0.6748230391510135;1.4024940661241438;
0.2026325309240391;1.623552133736569;0.8293696305730718;
2.1852686375657497;3.616417734606057;2.132160609059705;
1.3345751921543139;1.0001048986593915;0.7580236392850495;
0.10451458378515133;3.1961065478655075;3.1387843245580602;
1.313723205240534;0.2314334839645409;0.5537209498909921;
2.373149786228505;1.266079913947741;1.743941713888975;
3.2975525924143523;3.70023733427886;0.2631662028001751;
1.2217357810509843;0.7268556395442858;1.2381301269265232;
2.1645233399738206;3.9218274899681207;0.9788830558076591;
0.03012003656045592;-0.27579231808283267;1.9398799830183755;
1.081063398695672;-0.058971967377798584;0.3795652918657144;
0.6383307960123159;0.49575572286057357;3.271432991849256;
3.763303990077099;2.162610398581366;3.9335967439852704;
2.673074104094095;1.3459831543038032;3.0195888142850413;
1.508821784389811;2.421840280930117;3.546216120646492;
0.6108456963790765;3.9979258800087045;1.0935274569817484;
3.216681672510312;1.2974390806586849;1.541646577019367;
3.1919383070580825;3.1254670325994662;3.522554870869997;
2.0994878088842723;0.29892217259957987;3.904315190897763;
1.7337515267083718;2.3258677042622304;-0.14840751237972255;
0.42802431039455624;-0.17252825115759507;0.2874606238222578;
1.2032330903755262;1.7225504422954145;3.0850743179992532;
0.08241857927327678;3.6912955316070537;2.7732867953210216;
2.0818477304606287;3.9538934159339787;0.5184132719433474;
2.0195470187123528;3.3282963759926893;3.91264638520546;
0.8504980655053525;-0.1235463647678805;1.4464502539374204;
3.6965188204654336;3.1497578306141416;2.821234079519463;
2.4930302924232577;1.5981511189323432;1.3898676843538809;
2.917353344628686;1.1160058395624497;0.7865762512326209;
2.4455453498447195;1.1269613332544715;0.0714180206578493;
0.23317548520420084;0.6094274252663692;2.8798109532067517;
1.2332938275450775;1.727974961683021;1.8654118191217064;
-0.374897922202808;0.10106301936115891;0.23837247463878652;
3.239527359701991;3.9916322765198844;2.9460927834693815;
3.019123539672943;-0.24309105209634962;3.7211877768065325;
2.141791199451217;0.9297792862027738;1.256603352801977;
1.2202818781274174;1.3901825006963953;1.8537552761337475;
-0.4452997897577932;-0.1038502221284503;2.4919451878596;
1.941826070437998;-0.2993258284994548;1.4043344609591206;
1.5066052834197885;2.122076718796534;0.8418487941299571;
2.037249091955461;-0.38508657911036204;1.9282065112354738;
1.496532364361304;-0.2742232398183373;1.7263892050166412;
-0.301431718821142;-0.16235116993321752;1.5092703424991014;
3.371598480104417;1.5894399629329925;2.9055799942644187;
-0.14676129700334922;-0.31906273990714934;-0.37223601669020834;
2.0014542405304163;-0.1414407049798576;3.779526954673;
1.2009515235146337;2.860263741650136;0.7112307400175386;
3.22128359612224;1.9443394961454175;1.0669583618065583;
2.667480444378324;0.1443042708058857;1.9404993918842526;
3.558062169352227;-0.044532109381339835;-0.34557707762627154;
1.9888360020100149;1.4463765005693632;2.701875713396022;
3.5341180127297918;3.438777801065197;3.31697735332165;
2.3593556969954266;3.7299132426696504;2.7053482718799486;
0.0689860854102502;-0.38090177456654734;3.1929920694215816;
0.10202202545124284;1.8194857154583772;-0.0582817394747861;
0.03495723853448618;1.5325049747597088;2.343475469294629;
1.1292038474608672;1.1134950980237963;2.380445732090156;
2.9968994246613705;-0.2091537961506269;1.5811639580196615;
1.1240688488320127;-0.4414434539413215;1.1268745668098656;
-0.3853932554271724;2.2813371405972416;1.9310924982347744;
1.1649413459770115;1.9911949632972323;-0.23951347340509965;
2.661293276281761;3.4366552917349726;3.3954442077166584;
1.5506426188272755;1.7755455513864966;0.07403838134670782;
0.31849729638798574;3.937713397317676;3.4775991734070293;
3.439078440716108;-0.3394471121982821;1.5718670287492622;
-0.17734066282866645;1.6734794449012589;-0.3416728185765251;
3.2446447407159784;1.0643572871331275;2.9702590170443273;
2.5374634052572618;3.656116063363525;-0.03070625964856205;
3.924021686473563;3.3332667222246943;1.7654786828158908;
2.507615366145822;0.012533762486364841;1.6322187641844406;
2.0221124036765246;1.9574835409927247;2.5986543065081515;
2.0614370777379363;3.3683406991648046;3.106310173071428;
3.8187257789934552;2.19357464915833;2.390010567769175;
-0.10771651262633569;1.3412042711709322;0.6406118157978768;
2.3664965909910736;1.5059726614200812;1.2376108609313807;
3.4815763294015727;1.237840436955358;1.1636977155900508;
2.606808667614225;3.306432553126336;0.663483625942545;
2.971868758535844;3.6331650157232867;1.5612141189819142;
1.3944072479687037;1.5246444796344147;1.4393308722652787;
