1000;3;
2.7147022684155933;0.3103705135643996;2.417263022192115;
2.8720088392521097;0.07270022087125749;2.3353531486787094;
2.243795347509404;-0.049609502762133606;2.471911510605833;
2.3658946560029337;0.32869188673366834;2.5696942627584165;
2.3139833200687976;0.06274985582855414;2.3075877674155194;
2.620546957251552;0.34160113358152555;2.3420550429042817;
2.1949713308682;0.09880034916792924;2.3014571707060987;
2.2328226555268413;0.255915522420067;2.3646963420481124;
2.5898823859386355;0.17840894193768908;2.107597737710816;
2.6165131511604387;0.4822504997162991;2.5740539923748464;
2.310198125130901;0.15363440169147147;2.2812165386614973;
2.4147010957938844;0.19549586733117463;2.2876288198219132;
2.324569429468865;0.2178393940063112;2.2517991051252046;
2.7869946506926535;0.09764224176290949;2.4840435584659275;
2.5115100243870283;0.05284192374455626;2.185722777306265;
2.2392016155594896;0.36535679075983635;2.430533800865332;
2.4789748710433095;0.07968493013446956;2.599733184173722;
2.5000603145240805;0.46588038058018943;2.3775756368750036;
2.0864814130358718;-0.08544721151474471;2.2033055866624105;
2.720993965967678;0.048355577963263105;1.968185994304158;
2.5892074141140675;-0.05217156218177388;2.732585715027447;
2.6909153083498034;-0.19674488982739963;2.389103479228336;
1.981825727653403;0.457846322964575;2.5223881479220873;
2.580843953057194;0.0735964837930382;2.5090978496661616;
2.238836628909948;-0.055907999285441656;2.2537105383600533;
2.406743438042745;-0.20147872207199524;2.1248578168799757;
2.066727323254147;0.10885288836710157;2.3581293483992094;
2.4539919538375763;0.1314111760247123;2.387046347849273;
2.4097413991674466;0.32632651179965516;2.518083698497515;
2.3770236308807955;0.38722883185367885;2.4406250672898815;
2.1714890820937796;0.19850472483325318;2.4369914591443185;
2.4674063207888577;0.1901847533458869;2.2539818631248445;
2.6534378249424218;0.7399646959954963;2.478253674966127;
2.2891588975234525;0.2477115362065099;2.1546686318442565;
2.4943580743793774;0.4542003240962548;1.6389004536104825;
2.486128532252336;0.18077418210355;2.581074210556734;
2.6799573615346346;0.3169506667834384;2.236292162498635;
2.1216067269250214;0.22589512696405564;1.8925100569129067;
2.4410398285003843;0.16623743729518067;2.188027960907299;
2.433045673972213;0.45388283619635067;2.6363644536942537;
2.351036218694468;0.08138005074830673;2.27413184181339;
2.483891321911825;0.38530917867572667;2.3224302633512424;
2.4242900960735563;0.28226624572634196;2.3007890558172748;
2.4722061585451507;0.30609517112885376;2.242526167697891;
2.4752265782106417;0.2584597705657261;1.7505506019268657;
2.4773490029424967;0.6520895249616426;2.366407008610044;
2.365725660296976;0.3400055475410356;2.3435607747522713;
2.995884817804637;0.4056475446835684;2.447984156033647;
2.633665441950442;0.2502347178725019;2.3649450829201086;
2.7688475679880233;0.5862053757367232;2.207753410959077;
2.721934297322423;0.2768810294763858;2.476324438599702;
2.628083175753162;-0.002350631200517511;2.197499669683795;
2.422671740737213;-0.0018848625020643217;2.4376105410434477;
2.5286440687310137;0.00729931818726709;2.2952473001353098;
2.5889105715823217;0.1660212314283894;2.7312854966574442;
2.455639311729662;0.14115234158723405;2.4840806248342897;
2.5144936976707224;0.3218867780206051;2.4497885569899904;
2.463669940811659;0.4863213093211929;2.3495742523892624;
2.487693000449651;-0.0041982472671370785;2.2432411941351798;
2.3999050884197137;0.1737244494261815;2.5019301998462096;
2.5495878249222392;0.27575908051200804;2.47321003287657;
2.5162735519812953;0.18338156866241173;2.347031423845731;
2.1658953744236893;-0.10333055775674266;2.674063218776197;
2.473731365446987;0.2826691095925326;2.1847451337942294;
2.29232680289008;0.06022173472263764;2.5684127494180267;
2.851555948610323;-0.05427958903784266;2.1413631317920006;
2.336152947543302;0.19334983075559642;2.1383324395129866;
2.2661885311807723;-0.20446642386548086;2.4689815665905623;
2.551259023908633;0.40645119394929063;2.2091374298676287;
2.555917950591385;-0.19437869029198174;2.7204318891596584;
2.3204912367033432;0.006222673298148795;2.2735333065454153;
2.509207233496073;0.27676426345118305;2.6983732690611597;
2.3258262230071183;0.3223698135496925;2.2688835104544247;
2.618667440314267;0.26467522950245453;2.0796511409095007;
2.230223644327083;0.1925289006299377;2.372994137575996;
2.371472025740888;0.256096647433083;2.5535275578677963;
2.6769114673539454;0.10530551965668251;2.3333734972778153;
2.386734517980568;0.12121481184698545;2.148975621705004;
2.3934714669753023;-0.1943413200051845;2.5743366191704644;
2.6041988441918833;0.16429797383778408;2.2584782159308916;
2.416306504774086;0.3958191053728034;2.4565557850550594;
2.4556945915308166;-0.1490914997184486;2.072277211247642;
2.564645420457094;0.03769052028797382;2.1419826178173613;
2.724263704400472;-0.17432023958428366;2.3502495839442883;
2.3232186349731747;-0.31078321967813166;2.07031812077336;
2.631990674573063;0.6219627627209277;2.1474159409471865;
2.6000707415417796;0.5191326563293513;2.2996510603446616;
2.374363161565658;0.05351115799174497;2.1597257990698715;
2.4347669039406736;0.09243168651603262;2.361109829192882;
2.782871782181242;0.3129554277663438;2.4865411956211734;
2.770409379832231;0.03061919947041783;2.4655310769555943;
2.4057249717584197;0.31190241448923917;2.179112725244758;
2.1080433399102185;-0.0388052978630615;2.5432566881095813;
2.650109638653392;0.3287912613669806;2.220678951410073;
2.4653476165139563;0.27389854655807777;2.608463259971156;
2.437241159234315;0.36201591982723846;2.161792653970915;
2.6222908342409146;0.2684025450506566;2.8241129649041126;
2.5325200153703005;0.31071201407453375;2.0332031183387884;
2.4930404235278343;0.2814881958505529;2.2855599411225906;
2.8160539079296076;0.01969077566424124;2.381755306030759;
2.777048207454163;0.30396104363593285;2.4273607537776734;
2.5915708245975932;-0.23996193741235672;2.50452624725442;
2.187775929918939;0.2959960026593001;2.234538641211853;
2.5568454372370435;-0.1492048985461164;1.9753427627983378;
2.405705522684218;0.03946426580605772;2.436771243239566;
2.735814754001424;0.3803534018155601;2.2573702803144227;
3.0961462401025854;0.19596547040844464;2.269909333780332;
2.213862751919033;0.037809070359962976;2.4924346945864633;
2.1949247766575195;0.022341158782349352;2.2406327871579284;
2.4147789522329024;0.3178430464057388;2.1020345914638425;
2.311615796926696;-0.17521496267829156;2.1579019523242486;
2.550571834728357;0.268617123823969;2.6104874967121643;
2.257336253369486;-0.038905646382386;2.414580087612922;
2.6398598392783144;0.1642119200686579;2.332480927835632;
2.473952234253036;-0.1504083348599008;2.5515862599418515;
2.4070840247859273;0.12790672680153364;2.36759867109926;
2.6845098130473195;-0.07246559773482755;2.163756445408022;
2.044373300517205;0.16300951673177824;2.15246534226411;
2.519481907598548;0.522524405362812;2.1966595139720297;
2.383595185000226;0.06853980503786283;2.5284400985388538;
2.792679747671716;-0.07487527577151762;2.0685164029092014;
2.311747536813463;0.2066268780019656;2.422975900719385;
2.3935509442336724;-0.29622394555799825;2.047883584854039;
2.5041919094842977;0.16702099246745397;2.6213142326531265;
1.9979490202938506;-0.06764391065853848;2.4457433840973013;
2.36139248227243;0.380448538311849;2.5294554286226023;
2.6590962664707813;0.20875500565896368;2.267179509720265;
2.8191084508087134;0.13603995536616753;2.2274905079128415;
2.8181833867693213;0.32064727459712405;2.31617113803816;
2.36088088671615;0.36136808457062397;2.4921001419299023;
2.3771267165594456;0.04006890777625863;1.9551442853737107;
2.020144445913311;0.30767259307954364;2.1065035795203366;
2.2310736694295517;0.006243814653993929;2.2938885486446865;
2.817355307449517;0.011433854830511181;2.3975253873882387;
2.1306080261446594;0.32253864250186093;2.292924983207875;
2.260093605341369;0.2524967706605506;2.322255878496569;
2.4016884194485213;0.2943126663866801;2.236569082039683;
2.36733464887436;-0.06094326920361173;2.4899837908726106;
2.629766520229236;0.5121342991564202;2.0727193917635502;
2.4256155388296428;0.3076516338060393;1.8544510180265141;
2.491462598549207;0.010284363296306442;2.601453297118607;
2.92737260024685;0.1947914382830569;2.361138592899715;
2.203334803920741;-0.05820113181957942;2.226110654654794;
2.5514749071696476;0.11088091063592853;2.4036927906106094;
2.319785329922466;-0.022228022179189733;2.3216986789269867;
2.370856981423036;-0.19887057587551055;2.450435286332128;
2.238355900400421;0.09199302948075902;2.020445994200293;
2.799026627108932;0.08138558182599628;3.0160197619640656;
2.4684866398938174;0.42417920237172585;2.107176635210859;
2.2882537870154924;0.21432771585466587;2.0622208198582825;
2.616549221743935;0.31520452657543246;2.1170285472039554;
2.453642840514047;0.10521502430487968;2.088480758578642;
2.348305980353864;0.034820678945749806;2.107180087260217;
2.638942010424932;0.10627202089363665;2.163097561012088;
2.1951968747356774;0.343906580840098;1.9376925707278159;
2.3497158829078666;-0.0823086782519914;2.4908846756975587;
2.524402135441171;0.2204803924324304;2.788774919925142;
2.5246855637657744;0.130403926574691;2.6163865486377036;
2.408024788658896;0.5564979857571992;2.034404080605076;
2.702871361613955;-0.1880630122283251;1.9004714588379836;
2.3245926361190095;0.5180950351783171;2.4414747254083555;
2.558597479839702;0.34447130156014094;2.743824364917762;
2.756510475133954;0.3874272090660119;2.453265263779635;
2.3417331981537353;0.18088178602277216;2.546400878962188;
2.3266682531909617;0.3294600302049373;2.4038885981056404;
2.8273248777084286;0.5670646148675957;1.9835799836335768;
2.7757370481635446;0.21081815662796274;2.351740481485709;
2.3821013634357717;0.3955842465306115;2.0884695876646764;
2.451669904300356;0.06945441055153018;2.1942720196814007;
2.8293365277292004;0.08824048181172671;2.7176977892033327;
2.699484724265409;0.23712940931929682;2.7784915586054724;
2.4456108430360874;0.33578215801026196;2.396316140986443;
2.7949655891809555;0.2753537757060453;2.26995288139588;
2.7063797954630386;0.3324705908665878;2.126022486174923;
2.4642250528584815;0.02410733294938558;2.26851449617242;
2.6829823144453977;0.20226260745154945;2.494356001803839;
2.821827625853141;-0.21887502709037132;2.2728647259111465;
2.320226801992816;0.34904626112349435;2.4225297027891;
2.4400802960430155;-0.06953937163440771;2.384861296149746;
2.195225046379008;0.6391664581153922;2.255932977064738;
2.386896385473853;0.19173108044603937;2.2095878159321765;
2.3290091414652205;0.07654457316525279;2.3062209348961065;
2.4388819617908664;0.14405464489222322;2.4135950149902383;
2.4881393006270986;0.4387197644684165;2.367060813087326;
2.291854536682358;0.2146797687547128;1.9662211011665283;
2.3862460470160194;0.16189436999963003;2.1575493507344135;
2.2612458075950044;0.28463541095935224;2.4479605433422638;
2.583612439298432;0.5341082467078342;2.1867269778112703;
2.3785618588420503;-0.04310605161598269;2.55603530025671;
2.2896244304739497;-0.08924308613220416;1.8278604330649093;
2.349439510941774;0.1341043521429914;2.4089060121502572;
2.47800228986775;0.12377459912183023;2.285813927954912;
2.58313969022926;0.35402634309678627;2.203826612117446;
2.607017558046802;0.360274010579243;2.076637546957911;
2.479330811447198;0.21535358315464026;2.351621572081233;
2.5672187670437623;0.1952960937720629;2.0929451920843087;
2.611464332885577;0.3847093731414103;2.202243068048282;
2.2687428667604883;-0.11978920414612965;2.555071852418071;
2.5914065341944994;-0.009134003934719248;2.175398164839498;
2.791240167930479;0.022608648738369985;2.0004626228337825;
2.5599915109309626;0.20775761022285172;2.4766546433598036;
2.7448953430680394;0.10103218939917133;2.371160152111262;
2.5496249757981486;0.13275028300256825;2.324569310456414;
2.221678301810893;0.18959289951986577;2.4236706123247367;
2.4556790691715986;-0.07344483065789001;2.457358459822119;
2.7647249066786603;-0.025629661692961714;2.124991672468145;
2.53393154217385;0.16369669347010388;2.4860585879020967;
2.460825738323589;0.023904205362950792;2.2005849938927953;
2.327397308314886;0.35078114499657753;2.4043782403157885;
2.6550581810421785;-0.022721637447541354;2.199165533741472;
2.7014516135498994;0.18272607655331768;2.2387117255240563;
2.1554870716777983;-0.00282094636221103;2.4125170229404866;
2.558323509353625;-0.09513991067466071;2.543110641956166;
2.3352645724000456;-0.021463037411992847;2.4298414056474154;
2.286078832895762;0.1429881721253139;1.9725851087547313;
2.681675864213468;0.13323272095017558;1.8424941267964643;
2.268637213646308;0.0077988343512434;2.34014176042965;
2.359652953962644;-0.009347333451474316;2.5052416524958994;
2.4794358495338695;-0.10485222282911871;2.5039908044222674;
2.2800954760413634;-0.09736400642108878;2.1266949269996394;
2.7941968982143903;0.17152675950141144;2.3926337587968907;
2.2728836506524353;0.2893133737402343;2.4379957348413126;
2.395696044424704;0.13100666919997123;2.2823823347219836;
2.414834434541431;0.31707242639549543;2.116319543681068;
2.5621658747512135;0.26486497687695587;2.3943394940307563;
2.322948159880159;0.18845752158332782;2.2485663024126428;
2.579652944943044;0.27289963078794877;2.058620313283051;
2.47901610860608;0.0900885741569437;2.365527033041874;
2.5542214027886363;0.397103167378278;2.3297005088217273;
2.2774499368863546;0.023372125071919686;2.243346763067786;
2.7509931873502067;0.111615869325066;2.6438126458148488;
2.5925805912200577;0.2606954872342414;2.0822185222602205;
2.279521866018714;0.07134214554134172;2.2262724519138537;
2.687781812190527;0.31508005483956547;2.3192416905215874;
2.516472869098483;6.900918522948496E-4;2.6327752222620244;
2.4612259876091884;0.2937738193548451;2.4128946273375056;
2.5407040939606973;0.1516802873739151;2.3532165473894673;
2.5328418449967196;0.46731233026660574;2.182068386110022;
2.460295554204304;0.48338004998856976;2.299175511502039;
2.4992043139535243;-0.00987693202718673;2.3142279777691956;
2.3233865859784766;0.21827323679582586;2.368776155853068;
2.5823641087516855;0.4308942934258725;2.51066409054351;
2.4268286893667304;0.06876817181335823;2.4917682169363213;
2.2122267755291234;0.2235601992536911;2.3048872291551827;
2.3955803957632904;0.3021325744057034;2.3653899782060037;
2.716395408546809;0.39704012722908966;2.3718859038010764;
2.648041073101307;0.2024096193005841;2.247538855753254;
2.763371330921231;0.22736745982188966;2.473516641309967;
2.8663923728588996;0.16421313907038573;2.60532034653644;
2.703546729974155;0.19211154145357526;2.5847224778040943;
2.6168026326349954;0.5164041602065628;2.3368058104838356;
2.6125564560566183;0.09432426101064623;2.223616588251591;
2.4501987669606646;-0.16656784445080414;1.9920518960861098;
2.2125443039816997;-0.10278174799467227;2.3838397231840505;
2.247487679951944;-0.10784860734643975;2.4225392747956205;
2.5237330406952747;0.08504986172786318;2.2079894544006406;
2.2549280080667415;0.20053118150487123;2.121020923248583;
2.4105166196181353;-0.19715954793829316;2.0117309400771095;
2.4062245905736983;0.17797345924376443;2.2505625787209045;
2.2012824283777466;0.062190939255425376;2.166217376457389;
2.573864024745898;0.06141395448341026;2.1525118110473436;
2.3731331173468435;0.22357302198298631;2.3779806305459226;
2.7750937516584213;0.3465033275457393;2.578981843795201;
2.491820267187566;0.17844788111892249;2.1558320023930246;
2.6589978932774203;-0.030186474762482624;2.282325826498707;
2.5482406475187807;-0.20968101389879695;2.1114882402690354;
2.4933530326099653;-0.02396580924032518;2.5551259561848383;
2.433126674754774;0.038256499624466866;2.2176712116077266;
3.0220546602320226;0.23321949272323167;2.277066439358735;
2.427680085775471;-0.1995539297800919;2.3570647542724443;
2.4251700183451343;0.4332893752302536;1.9768835834188263;
2.570130550943359;0.40516255158393544;2.0527938246360944;
2.515050519612085;0.14634605637154205;2.0399259392959337;
2.531636791328533;0.5058729397749775;2.041089771802334;
2.542326302854134;-0.1734213168520065;2.0907495114810577;
2.4191333707257714;0.0662392423709315;2.1834251713335053;
2.664802695744902;0.29590798185861417;2.3799017259405417;
2.400451492638748;0.03325234429948723;2.8264774437291704;
2.0149101938710916;-0.023609123105100216;2.7004918889356793;
2.2723402936614643;0.20208214890557932;2.224938335308684;
2.4399698755771806;-0.11969581728633866;2.2993636430996633;
2.4597675068753087;0.04295673360760968;2.1463611454905993;
2.821018650861089;0.041470575055691655;2.3334803907264825;
2.3890416357820135;0.06391283951405652;2.2057127222842237;
2.3257452622258534;-0.061546096638003145;2.2651444506974854;
2.5284968892123607;-0.033925397745181274;2.17134024448828;
2.785008240499937;0.25395821096897564;2.1590660785886286;
2.473126857057364;0.16871209172874158;2.5740434110784154;
2.244768513915294;-0.05680192906550641;2.2687886806017583;
2.525182288035007;0.44129029975547435;2.522555873753387;
2.5873546140576305;0.5406738534357753;2.4892070541743445;
2.4957631524046784;0.03571145264332723;2.4099624516520746;
2.427151899158356;0.043275767832295337;2.103822554212277;
2.418945934443474;0.24522058889986453;2.3351874617330193;
2.6481118238175263;0.14681263827879576;2.204736845741632;
2.318879226887978;-0.10978620286159524;2.690971620666282;
2.796374847210062;0.19603132920879407;2.487105547059595;
2.393203230379155;0.2438959793839549;2.09061499756183;
2.324255496143222;-0.17062706611366996;2.629262562562549;
2.1869361212575065;0.1721052475716399;2.1794346895299612;
2.561423249427343;-0.013471651907519422;2.310786182386794;
2.785250501813712;-0.4610706380506968;2.296340751890069;
2.30886073484176;0.17746032134009704;2.3391113586822785;
2.595625940512009;0.5144569066872089;2.429499741088786;
2.7291738443489963;0.3465206149607817;2.648404264742797;
2.5125852653045606;0.12269913615099098;2.2473822287891547;
2.720990900112562;-0.11991839178408042;2.5255913276597384;
2.451294399300926;0.20913253555339073;2.266922972569969;
2.3729703739548023;0.20278758200027658;2.271169931216195;
2.3152002855418297;-0.03928181611688336;2.4401345672694115;
2.418517703452984;0.43032751204860814;2.5569944994153886;
2.4380770805793848;0.3275578598963842;2.360378013962254;
2.5785619792635055;0.2731815803825057;2.2286881267665177;
2.4202442470725303;0.465584271790256;2.1445259014361824;
2.45259553172918;0.057162235582210244;2.3743914190898128;
2.496934127890326;0.4010314941029719;2.305803172910932;
2.0696624584770564;0.051265859761928295;2.3197881688927766;
2.3288923673074753;-0.05405842605513686;2.2477640331024507;
2.3861556844582394;0.43639644233493935;2.2031528192159153;
2.4919320305744903;0.21045036713140636;2.0724935742692256;
2.674035571530483;0.15686272130632034;2.2008404338888257;
2.1028751887544503;0.06586588105046481;2.547936401527685;
2.3052963436407685;0.09599786173230399;2.476441775804722;
2.4852940857613297;0.13913182612400454;2.199835507975569;
2.6365047547833576;0.2147826969644176;2.308786171941332;
2.622524727455054;0.25872663928277967;2.1955026574588663;
2.554172354695615;0.4041132143531382;2.5687103850754403;
2.5454609419185283;-0.06855869496014555;2.5620847832410787;
2.643153498729839;0.3829564871355438;2.401832234406098;
2.334433322777449;0.4335350304876419;2.1707963778203876;
2.5756096390523133;0.35202338144032697;1.8725432619925158;
2.747558816388861;0.4724892852935009;2.370610699181785;
2.6660120356984103;-0.11245477578804092;2.4758853508718217;
2.5477884333531;0.3435092184273285;2.241745440875618;
2.426168236951561;-0.030320341651445926;2.434334724782817;
1.9517841661715942;2.9314819141250044;0.6737602612028671;
1.4142852806070936;3.0491975847839043;0.2811264083039932;
1.9830841561140433;2.6613062309173228;0.515311158746682;
1.6530156497937492;2.9097868250470684;0.22663620486109015;
1.843383701033431;2.8747725109485383;0.8155548188499745;
1.5912057387935719;2.6627146166727043;0.3942710917379326;
1.7491386544067713;3.4128828106245885;0.9843675864125276;
2.1599990446521633;3.000494842930966;0.6160404348360193;
1.9807666349004713;3.0632293294484145;0.7053948718927447;
1.725126616033864;2.5128079486751056;0.7310758661919816;
2.0599647279934303;2.935534027478194;0.4375401466379092;
1.8935742166696108;2.8657107369182135;0.5644985238879476;
1.8895042115789185;3.0566222815738446;0.5288374749382871;
1.6547927151623156;3.137453493926718;0.6482785015109851;
1.8506119614462673;2.8969601154655464;0.2084801992580827;
1.8058583703666116;2.9436692088501055;0.9803213151441692;
2.1129353113720906;3.391246527712438;0.9123367163361075;
1.6519283403825262;2.8284702629026457;0.5101985235282951;
1.8225214933622553;3.1543880243199403;0.5643907819745364;
1.5708997097829036;2.9624850706231416;0.8265755633139237;
1.8009426937388688;3.035499590679055;0.5376564597963999;
1.77181494804137;2.755545187083058;0.8424321717111503;
1.9427718630215727;2.982273536319967;0.6510841146176909;
2.1765406889106687;3.015527467668868;1.0369437683436313;
1.8667900251468277;3.158357830888694;0.9601705357109804;
2.149487900318378;2.638710382427798;0.4121428044839015;
1.7488117037119146;2.912025264503932;0.8243867433734912;
2.0172541722854667;2.7566780121172916;0.5277058668089579;
1.4980963632028645;2.782035126435866;0.4964575409797514;
1.6873427268386356;3.3983980711068855;0.5150137464600697;
1.6225210935377588;2.6781294550342545;0.9033316180852526;
1.4216587364532498;3.0280044455802932;0.667178399807637;
1.5843802537477418;3.4519385425436786;0.49738045725614766;
1.7371284075020519;2.951408712061017;0.812154964613991;
1.649599625418051;2.827750673601846;0.6710149808343596;
1.8507588724493065;3.2976085045438457;0.5858747397327958;
1.950708383976147;3.0758555930383746;0.6851016932856222;
1.584758361288022;3.0624460993882923;0.6057785586551583;
1.770944205901976;2.841283661937082;0.7767396490702824;
1.7948579566347687;2.6450254032275327;0.15406653572291712;
2.0575753696685446;2.695444014432627;1.0319038601849888;
1.5287044219493389;2.558595546835263;0.7675375603100635;
1.7386826640865851;3.1366274498730418;0.8968450988934384;
1.8053880819561952;3.4831497459171694;0.5969327643661955;
2.0777661901171633;3.219567395739242;0.6169663115906286;
1.576624542452126;3.0225367611381078;0.8170661111838985;
1.6067868304095168;3.1555861389208304;0.25052782001141327;
1.9819404977714528;3.546147803621152;0.8447163840922941;
1.614302440431771;3.0615951777154327;0.5904426367199274;
1.5423634014729053;2.659531947275574;0.8137142642615078;
1.6209942405526803;3.0222111311789606;0.933560619312487;
1.4024988632050701;2.7724223006426616;0.4368477790345483;
2.0563940300673367;2.850094872828457;0.6689779086983751;
1.99943955628099;2.9114809386529132;0.6506180259975467;
1.7269420922816343;3.041347874113835;0.8075618635527859;
1.849748573696093;2.917408431643314;0.9061616772915622;
1.8128952539063194;2.7631347985795887;0.7661089137541176;
1.908446322805648;3.180177127892677;0.6969841328635543;
2.0997223607792272;2.8922975346955746;0.5561810472600485;
1.8348710860421928;3.1162565568323015;0.5980253357610755;
1.9047316927242783;2.695785012907669;0.7939415120739418;
1.971451058161794;2.841873566278857;0.676014427336755;
2.0216242443831387;3.2724245500273903;0.5651703015484532;
1.859838471846;2.795567219333735;0.6033657674140075;
1.6856978797682338;3.0033384163372587;0.6659983296332498;
1.6868497868179526;2.692010363331801;0.6288973878040814;
2.0407685971219918;2.6869693872054423;0.37120511240471327;
1.6634889241444553;2.8498210894984988;0.8054770447018722;
1.702154383505961;3.0305505968719073;0.8633454462146923;
2.190714808448521;2.801599969561315;0.6238490976544098;
1.8066308994700282;3.0570604362642553;0.4608630890323162;
1.8863132378790533;2.9074332665120832;0.3507562943760456;
1.624506789566362;2.6271363132284007;0.6513422179971439;
1.903922906299053;2.6007249419791614;0.7714570339320146;
1.869806134647465;2.8347728750716383;1.0425819604756787;
2.1247969524426153;3.1243039755935276;0.46350780394988644;
1.8894505719210961;3.006527641262135;0.657296245314229;
1.7078471398814286;3.1286744735648315;0.4275375786550077;
1.4942779738479555;2.9521915231370266;0.4399638175244871;
2.235824160699546;2.7951228732008793;0.3528689546723671;
1.7816096967776418;2.982950873850945;0.2885099411334111;
1.7611408268766882;2.9796157561114747;0.6891215672924466;
2.2416490629885617;3.4907149903211745;0.4399579188413343;
2.113057974893769;2.977544666602452;1.0258927424065563;
1.8681837586220302;3.032339171798492;0.37274661373539425;
1.8184200353567344;2.961502378441613;0.19887038203188473;
1.6012926369777971;2.854767079166557;0.5949294421977971;
1.5484392652792893;3.0490532268781934;0.4933731067623163;
1.857632342178945;3.0505347424997584;0.561026829697151;
1.7217534072996084;3.0814096806937417;1.0609777817679078;
1.7105142366891561;2.947459225746375;0.5024203337324633;
1.7022613058724596;2.684238032891723;0.6384885212995316;
1.90522824897018;2.744296768069394;0.5791992004675994;
1.8332601572619216;3.0547149327207;0.5729514784496598;
1.6417620065054146;2.8424502573715795;0.5386374008942705;
1.8670660642016579;2.977718826491485;0.5654524120918061;
1.9351185303979714;3.104012396838897;0.6513399971023621;
1.9640414628363594;3.018955924175691;0.6865697125825307;
1.270160857510731;2.985347066092118;0.7052195093745551;
1.8080451308273717;2.716259666137535;0.8454632832631779;
1.3210062737947998;2.789364294918519;0.6118744456386864;
1.6600799376657753;2.8302443130345547;0.3380710983401657;
1.8682834206134997;3.0256398383174687;0.4176952485672526;
1.9016086640348218;2.777764490084343;0.3152762958496088;
1.6250968918647037;3.2330006091559382;0.8054772949122038;
1.3849788002867616;2.8678903949024828;0.6686450029314731;
1.5756074086909762;3.1289663068765163;0.6452801909641217;
1.908146830868176;2.925364350284707;0.5374273507112809;
1.8478405728501062;3.316131667518551;0.8478092582548797;
1.754858375229671;3.0518518535474253;0.6646725163578968;
2.126805882785425;2.8314451320823917;0.6750282260546828;
2.177388173548834;3.029672077468138;0.539812108681987;
1.9358124804773502;2.8314784759261995;0.6078014129996014;
1.7182167950316996;2.544964958121605;0.43764543653731014;
1.654855178685615;2.95759534007514;0.6118888758653979;
2.005008067057264;2.8376205389950364;0.3958148906255132;
1.866542403500225;3.028193521050679;0.46810158697726645;
2.0427838327596604;2.8741622485667278;0.7799265199266677;
1.6821858101599219;2.995081996860138;0.5606175764301269;
1.6589029649594011;3.090400260044771;0.6167425087134816;
1.7689132671994627;2.9961682970998105;0.6725828664996225;
2.1899043476216553;2.8236993717467755;0.6736221044790348;
1.7868081030659262;2.613145598120203;0.6937809211023676;
1.951848496179142;2.7355465750208383;0.7653622278301287;
1.8624897788670514;2.461455618194008;0.7112228927590247;
1.7529440941342722;3.0440889077909894;0.5666982271627841;
1.7393085428469819;2.871775934182472;1.0145953401664174;
1.754337792591067;3.147147480320753;0.2866705087599461;
2.097213954495205;2.8111603551271176;0.7118392403944901;
1.7637128375925768;2.8009897867676847;0.6752391873424388;
1.6745811005875073;2.8953350973941387;0.7815786631096926;
1.9409869386382326;2.924114081614536;0.9846500643644143;
1.7900825315131073;3.0978062162138422;0.6566507001978994;
1.5849737745266261;2.816739644588504;0.8808656168439117;
1.8349738600697483;2.8182875037675665;0.7793626004635584;
1.5380819367886835;3.065811346270067;0.6206502908327448;
1.994854571677051;2.573649881592459;0.52456228923219;
1.900946548848021;2.8431755432548096;0.4742935265324889;
1.5761703477091489;2.9985331089524454;0.26329869149563767;
1.6956079780277253;2.7940280177267893;0.6662036748334867;
1.9320369089423555;2.839762302610049;0.5776744223308263;
2.1047793290086;2.907953598805783;0.8067850274842635;
1.6248837985755347;2.8660263733117683;0.734863988158545;
1.9216448794865495;2.7795539267704887;0.7858397627233527;
1.8342816867256382;2.86552519455148;0.6491917511127512;
1.5321473973875588;2.680014171200745;0.3094439290937758;
1.4685830718506918;3.0268231129779575;0.6363786876618909;
1.7160585502861585;2.7217731699197127;0.6261270164456265;
1.8811074940226842;3.2068020453182644;0.6818767742297059;
1.984014486711625;3.120152653183186;0.6669159760564785;
2.027842541503838;2.8940798167533206;0.5304836626980779;
1.5400725139753422;3.20319935486748;0.7500035255191086;
1.7017578013878405;2.6202572146425678;0.4614355449372307;
1.7671757202101386;3.1745670211826655;0.2902222257626331;
1.6865711758021138;2.9974567772118936;0.33009386672642793;
1.676291005557467;2.8596606256106636;0.8560964933894655;
1.8977911399729;3.0527201880557304;0.5928385371625384;
1.5160331278058057;2.5978370567039937;0.8565226763884262;
1.4123109957448283;3.0482512407318736;0.7265039541005838;
2.1045661932935733;3.053547719404894;0.6979854957364633;
1.8612170694946264;2.8196309797608508;0.6260536774731663;
1.9904957690538536;3.1559802815062374;0.6091216388676536;
2.1073155918706465;3.086133122727705;0.5361519454693502;
1.6852142857102086;2.9709199951075895;0.3963738351290157;
1.987213349284014;2.8722088487995094;0.5808137982291293;
2.2027847720090916;3.123796459850934;0.8516747508916838;
1.874211506857098;3.0513497163888355;0.8688660207017072;
1.8016836435903574;3.048862776582856;0.6497076236191123;
1.7186877545577328;2.941984809487621;0.44662639835261597;
1.972926736930563;3.018628320748;1.1229989757336885;
1.8529442296472698;3.1953166961293187;0.738101146246397;
1.7788849618828566;2.8473938677425035;0.3899344418621472;
1.5274864081405277;2.7366085988467037;0.6570863385988299;
1.7656169312067587;2.9710411866295896;0.4898303471265896;
1.862131430204414;3.1370870909159105;0.4771010261993578;
1.8360719998065007;3.2786273362278595;0.7374891459452358;
1.693720887244194;3.103929849875047;0.5034075519529779;
1.606323884477951;2.612640217313779;0.811659295200255;
1.8937698925436153;2.7304743678280072;0.5216449466552393;
1.8875837407223042;2.842881957511175;0.7038746700291885;
2.0693753407220217;2.749201135396481;0.3673878397228262;
1.9131901544624696;2.779552333208175;0.5620784016350854;
1.6344528243657326;3.0009547879089724;0.9833686440278833;
1.8214175194531135;2.764850412852012;0.37859050051753046;
1.9450518714479559;2.6706584442942125;0.7527435904583156;
2.3284199316416396;2.940636262901619;0.9362696981911611;
1.929355775864854;3.0032934973792025;0.5017284321081072;
1.923511994834906;2.7257121844400025;0.7293893872875887;
1.7422754587705118;2.869439451032341;0.5096330319363364;
1.6970066524742469;2.997875052816082;0.27422438483025546;
1.7230982240423836;3.198773999891637;0.3984031073114177;
1.8845847493338124;2.7198288455530397;0.20126018427235293;
2.007437336571671;3.015696844120579;0.6763282693380624;
2.0218071452075943;2.670783627883686;0.8042183137517418;
1.8928386690750956;3.1629281864682985;0.6970780457627042;
1.605065468564867;2.970783681077481;0.41313322901428207;
1.6802885510269605;3.1898300088540767;0.6548550527633702;
1.9786868219034917;2.839600448864722;0.6686680753661151;
2.086900056621851;3.2431723597366693;0.6940090614048671;
1.879843354827065;2.7863097972552358;0.5124921320281269;
1.8842821120628659;3.12668068633756;0.39523061593562625;
1.967034761299276;2.9075729630700122;0.31220782314346995;
1.9216125832557571;3.1636317256961237;0.3788745071346917;
1.7121225434826508;2.91802840162774;0.6118866910687709;
1.89940967853295;3.173438420378101;0.2900906696122899;
1.992940561287947;3.0637770439064016;0.666862280166537;
1.90380761758695;2.7725240727880154;0.3500061388659403;
2.029435913435795;3.233538416452932;0.36975914469969645;
2.0497231971839507;3.0630118076879995;0.3762322870550854;
1.81927275156998;3.1068102310072465;0.5739173438504782;
1.5941614302970732;3.0927479205425845;0.39203804742417325;
1.7011862810621123;2.780479270131279;0.40519580554226176;
1.7230971159361694;3.173038645519887;0.9565298236760864;
1.8388947326005318;2.8205191891499393;0.9151706841522292;
1.868276031022761;2.9283318514543986;1.1086239944710212;
1.9385049605064115;2.910731935517067;0.5644860526135935;
1.9399099764745584;3.0374199486664133;0.8068837591679469;
1.7443107732589185;3.10296660151411;0.841965883897965;
1.7002192356492183;2.9975837613684;0.5833759055927621;
2.0378779908498474;2.5083198395608357;0.5540529518651062;
1.8699681326440374;3.206348403116319;0.49883312885914044;
2.0967686758609783;2.7402864663106894;0.5202040014579378;
1.787785636749788;2.7261311102622865;0.5660170638614557;
1.7075131824472112;2.6685856494436977;1.0711427256234722;
1.9051749975846528;2.9003040976624335;0.7491760632312511;
1.745908532503618;2.969628342099184;0.43383986992055457;
1.5633533258290089;2.588486536831743;0.5519426035888144;
1.9462825415374554;2.6760630903314735;0.4324765854398157;
1.7432685343161833;2.9311042333653266;0.858733831690197;
1.8572243316927892;2.986996645035459;0.41037950607860035;
2.007340272160386;2.9624163053410313;0.46861057588385685;
1.776364204249178;2.82093017357368;0.7065099216455373;
1.7029855688227644;3.066923546929995;0.4490368060919263;
1.7742174131716333;2.7433645433545384;0.730803765360508;
1.5111083783083403;2.9187351833952455;0.3605270972910724;
1.6875052761608433;3.3180585740245756;0.535458465783798;
1.8583261747538453;2.8368519480448464;0.4169282703277126;
2.038588920572314;2.9102024259001253;0.5395454945278141;
1.9041945969289555;3.2766550298719705;0.8235881175308613;
1.8773960837621881;2.852710223173824;0.8355028011350041;
1.6211288586760737;2.8779997614537223;0.7082987966375479;
1.5945971042569715;2.8719714350847587;0.5412872814423981;
1.71855797568437;2.8500668757189636;0.7109403054422795;
1.769826954264124;3.261752119781946;0.6943093941619368;
1.814393904034538;3.338249436061458;0.3836868557498413;
2.8020911052907076;1.4144692135589179;0.40333026422819146;
2.5286279289508005;1.600980571529909;0.11291134878044004;
2.8929799723765033;1.7312848120345428;-0.30153983956693653;
2.940923276475501;1.8940029279863155;0.15112074632678732;
2.8556418042416953;1.3351404929610744;0.2815252811738538;
2.8568795754548018;1.462453787705805;0.03293632500436977;
2.7376217284927806;1.7074270033452672;-0.12540517154377945;
2.69527572291507;1.5998883522325944;0.24922361331480974;
2.8634043814923307;1.3147808990734848;-0.12722532275837334;
2.7804992121943615;1.7585199939193112;0.36972384292189064;
2.8854900328577915;1.7478640188807764;0.48772318218852806;
2.513467732490429;1.7462875612848034;0.1437139335774073;
2.7235828939196765;1.8523757954783409;0.02138150317285463;
2.645223402299349;1.4636400703026928;0.11394400131462068;
2.5922657362491366;1.469385879858065;0.2923878144426052;
2.909134371930636;1.865087963613089;-0.06328328095002503;
2.7531616687017997;1.5807045297279902;0.21797155615151037;
2.5203831625477036;1.5654441062674533;0.32275953336830854;
2.7239555504842405;1.901640977903895;0.24105649675440644;
2.781723103504551;1.3738888194403807;0.03343812862470913;
2.39744735953906;1.5253950666690228;0.17761663247880313;
2.4708964614780493;1.4639712780202652;-0.15450429028242957;
2.8242820389301775;1.5945525809581838;-0.21640927924247355;
2.729735764095534;1.3799039963402844;0.20985135777296243;
2.6104402169034424;1.644282543678541;0.19450414849806658;
2.766753699897959;1.9333286968202485;0.026479438334984617;
2.954385823397434;1.7442541668594427;0.06118078012572603;
2.576642022684224;1.5516772222210446;0.20539673601935132;
2.680797974907174;1.7142223515968236;-0.027443833462089312;
2.7585575931074184;1.4197522612351143;0.336095831153155;
2.5500019632308204;1.8352752902102658;0.11108948365905912;
2.399668895050701;1.8531209781058744;0.25751619070385334;
2.8609095152354467;1.6171928834957576;-0.034063758784834114;
2.9695981220224166;1.4785221452798247;0.5473519928838999;
3.1647174838211187;1.856198419601469;0.27585168003758065;
2.9669421486589607;1.653769921627488;-0.08740154029444189;
2.4673002351406517;1.6249732936002932;0.035942100180042555;
2.7112075262689106;1.6035642765864109;0.3680761257313061;
2.657346660274226;1.7841099447665705;0.2676404871696898;
2.7169859935247307;1.6013069659037074;-0.06776069619694336;
2.403559727001225;1.971110390279584;-0.08046313245133829;
2.6953189812421945;1.7698361463881815;-0.08574306816908411;
2.8574458725879195;1.5738274560285455;0.18751412992181882;
2.9258205693568575;1.559499796860373;0.455816130876182;
2.9384815854903854;2.010953671015112;0.09445295954656724;
2.6965682398257003;1.276509251670368;-0.07303135191222809;
2.771541166392494;1.7105460694969352;-0.17589971614943234;
2.753079744774887;1.6792394004543405;0.3632428910095493;
2.8764137625359862;1.8911204901827017;0.14936051956257246;
2.353561338779791;1.4723692569208284;0.19553159225171113;
2.765408675280487;1.8300549406345004;-0.20932367151138237;
2.563388546646452;2.021934360876814;0.2829286398514155;
2.6424450606245653;1.5612385544477696;0.21800084670352593;
2.824838310659925;1.8296953551272648;0.008031186075805899;
2.989770484058006;1.4703909668327082;0.05485690899695961;
3.0343821403320446;1.3715416731799037;0.13696829996890741;
2.7991931943191566;1.5256783494182393;-0.1042769884830706;
3.004003580233962;1.606852278246996;0.10193124543823538;
2.6227138389949554;1.7003882928811975;-0.019216713156649218;
2.838213137561372;1.4135436891855173;-0.19301463919018097;
2.8594862840882462;1.4897569087236087;0.20308505475147998;
2.600208111445972;2.044882978330051;-0.10656538968128501;
2.536861768833541;1.9771958144395811;0.11460961478636301;
2.867963431642145;1.1757963265953175;-0.02115093136621854;
2.587834044421965;1.3090208145872102;0.12172934690599742;
2.8435026603023;1.746434283638104;0.23383573056821422;
2.783559205113397;1.5239117443178154;0.17573239545286684;
2.8728058693084555;1.5054434323542238;0.17722046936185934;
2.7474053802597513;1.6007665825644997;0.16940800650944376;
2.503036403174825;1.4775081689817773;0.3263126785622448;
2.2076979707383684;1.6003089124218854;-0.13602272822120753;
2.4694869261126624;1.483064037455278;0.12069785462485993;
2.636314653524319;1.6519645228485664;-0.11607949171377194;
2.550415826855962;1.5717526618178044;0.5118760583022381;
2.8488858438755096;1.947088925742775;0.007615828377881384;
2.4894913612676826;1.3505244533319323;0.16959517484732073;
2.5890094509120236;1.5398138332880322;0.08293296823875954;
2.529309840655051;1.193444962634035;-0.05368477560951307;
2.497252082505351;1.3289781811983195;0.131690837174175;
2.6328631092439956;1.5753327707028753;0.2970565351138168;
2.6939895045278415;1.2875462565088884;0.17416134525789842;
2.4989888977199626;1.3732933066389552;0.29537042548499554;
2.5817227039895685;1.8904361004522625;0.19145814489957047;
2.746526166800519;1.809333305336299;0.1268479462293571;
2.636945349113119;1.724200955657221;-0.042392675320478856;
2.534011528438007;1.7320920055053355;-0.08812002332336141;
2.383338489315236;1.8616015701175326;0.1928702073896516;
2.9175448759110676;1.7848701573309338;-0.18854119291911509;
2.781539219877209;1.80651556464961;0.4462157521147539;
2.5423071394941674;1.8181911210303925;-0.031276897226746536;
2.8111865886593224;1.5148200723838527;0.36976574373518967;
2.590268746296644;1.7287225500541283;-0.1645604662286252;
2.711886831864263;1.1266872020257692;0.09524408953813412;
3.0172053109997963;1.5894875138899704;0.008776801260927322;
2.435650618001935;1.4998988970614497;0.17069626819621667;
2.78641047232162;1.9069694639789807;0.30634825726726445;
2.3577732270508704;1.943176119335835;0.34487998180069857;
2.7274273407391516;1.551274378178848;0.07172148018862949;
2.9641948149233976;1.514284339691122;0.5273048750245861;
2.552214842097629;1.7951290328036884;-0.25569010672789716;
2.356381078505755;1.7598724473524003;0.11705854613797463;
2.7895595390538674;1.5176374052168686;0.1221252858443484;
1.8344503933746146;2.284299757867608;0.18681735368212438;
2.6634889852989665;1.7158972622494517;0.2501804513856513;
3.084351417855152;1.8224679784330295;0.6678546428723399;
2.8465283095112617;1.802607668545967;0.1439421539242063;
2.7274826557888474;1.339216040349682;0.23988626455161893;
2.4941249237602596;1.659191409655655;0.4069092826375775;
2.48318181917964;1.50831675231846;0.25804271184549843;
2.654317517090096;1.800220964036797;-0.046302859859003426;
3.098350390034636;1.833978796707975;0.1384536921498882;
2.4439821015998744;1.6496747741073765;0.20135180582315565;
2.80287125505157;1.606832714111822;-0.022504169142408992;
2.9456495977490964;1.5875664098566313;0.11084087664233092;
2.534483578404527;1.7932773620123237;-0.09414737005010512;
2.4825522964576194;1.7234646893298367;-0.053501107541605725;
2.4932093625916396;1.928325577971917;0.3425837988809921;
2.642745114941804;1.8638624349257338;0.3529070597015265;
2.4509123996438387;1.4412693747509342;0.1255250033058811;
2.7436774769856145;1.808961924339148;0.11725401878723037;
2.856763673057821;1.5544629441682614;0.26161214006680034;
2.8527098751569384;1.8016570723085668;-0.03167852265446447;
2.5975733126634073;1.6127201686903445;0.010028948384550457;
2.7310006346039724;1.699424286130455;0.15547267386225558;
2.831689692858373;1.6108689057806957;0.32921462501490945;
2.8855750585183335;1.7787949789718827;-0.10213508507172697;
2.4512428732457443;1.4673145643921657;0.26122009789074985;
2.8299712540789757;1.6601574315542051;0.048567495339975855;
2.8763484582447783;1.574202891082941;-0.06932168959893997;
2.5894794164673356;1.6106447506379846;0.00866360400833227;
2.919719276054118;1.4799319139713023;-0.04940981594692026;
2.7822014989731594;1.5462712136409862;0.3352182058017637;
2.668900409057017;1.6972541497381215;0.10348654822408104;
2.888122959228753;2.048813464868527;0.04876786895513288;
2.7061178553334044;1.3234649796982334;0.20348193342942883;
2.684595378873357;1.6110543657649854;0.11139512958560555;
2.734693790587089;1.3636000727080906;0.0766586405697586;
2.5003772197936107;1.9086603484213722;-0.06330183349115984;
2.7671128477332054;1.6086920308047217;0.14612089666104386;
2.766440830947758;1.9159425953558054;0.04869348283433897;
2.2526922237557176;1.7049571341542726;0.5404930277412976;
2.379360988822253;1.8905650544806172;0.37547940021287923;
2.7825631338325745;1.4093236205873914;0.386516469018894;
2.189980841471667;1.7018575809047731;0.6891696019182036;
2.5670535011426074;1.4309981979838222;-0.06660860292822979;
2.632459351395128;1.7850512969016312;-0.018309092030069807;
2.9777528048619852;1.1526460198094834;-0.3618303329349538;
2.670524835659583;1.7418202785586878;0.264429483893855;
3.03211339619797;1.6646958514540158;0.32552490377036436;
2.9488619715444178;1.6485844465548107;0.3849555645698228;
2.63653790926608;1.506024630794085;0.22010258524495507;
2.8398105828509617;1.7927783986364374;0.24434569492251446;
2.925352729732196;1.3060375954531231;0.11932840919652637;
2.7706124555652916;1.6450508282754823;0.27574734606882656;
3.3095569069849566;1.7853336744825186;0.2598980001252176;
2.6206449129488654;1.5417118719159446;0.024564550615068917;
2.585512946159544;1.5712795534108541;-0.08283678657018989;
2.815894660506936;1.130965191880989;0.012042195201006065;
2.9173858273280535;1.5084497188734083;-0.05131464160133292;
2.543923801851053;1.4479371044596665;0.29159950089880715;
2.74941637160973;2.0923602575820937;-0.12273914568758015;
3.1109703356972203;1.38874276736443;0.03715185933731313;
2.7747521803355983;1.5926230997685875;-0.16799650910213815;
2.553384261277418;1.2461939537005362;0.1875470096470779;
3.120355471258267;1.2537516882363429;0.2539354669758688;
2.3785704820353533;1.3939936148266678;0.03030343307744482;
2.6832972122252223;1.5831822696081743;0.26103429681405516;
2.5929409381479793;1.8453342416770342;0.02766024655304715;
2.8956052947985462;1.992482854014011;0.3552915689747208;
2.909824724344714;1.2342523596097998;-0.14231116536210714;
2.6989334913388956;1.833823894058983;0.3717705964823531;
2.6932933575143876;1.3489309210418667;-0.006409450856983662;
2.7942493233007415;2.023757514598185;-0.0015692195966860722;
2.6970991516459404;1.5848946933646988;0.023826615308658608;
2.836538554228125;1.8722079183658717;0.16387678058612476;
2.8195533898554497;1.5335191350701987;0.1443622154731225;
2.5503392420140267;1.3860788209226613;0.197545198280372;
2.819325315660097;1.7516283470606262;0.32616521372629226;
2.722924930431099;1.624861857353556;0.44451136883865855;
2.6399311391713742;1.5399568571998818;0.3356949243910242;
2.484008981904479;1.8678698954965895;0.06731856548966293;
3.0178936803182763;1.740891119992122;0.10495621099295736;
2.8920001037392664;1.6391429780179763;-0.004460611830838651;
2.346297791212829;1.603371014492604;0.45176155739209806;
2.5724308577132593;1.4741780890869638;0.8436141395280492;
2.77813498755488;1.5867680640466912;0.012179983918974388;
2.7225795138704836;1.8312435933161588;0.48727676608958714;
2.8338953721839895;1.3119214343759011;-0.19313321615174872;
2.790774880524697;1.615227332368852;0.10862752299518494;
2.5081917898402772;1.5703865776442227;0.15592197750745185;
2.8810789543465782;1.2658525284802593;0.2850496903646015;
2.628059656275426;1.7152552402916144;0.26355441611644287;
2.7492273477785973;1.6730194328116734;0.45021415944968995;
3.108911014216139;1.765865683317672;0.23600721847983014;
2.8344546715224377;1.549089073692132;0.10438746907139812;
2.899170344336865;1.791115067381868;0.20851211179892298;
2.460084173376925;1.6540579630860335;0.2735957956886788;
2.7544794147984466;1.582736970233816;0.11381014213924538;
2.6856987012025053;1.7125772321824275;-0.0064439912944306565;
2.602780492358967;1.4373728022282743;0.11318961974249311;
2.8101474877879777;1.5789579467806205;0.08421167778176832;
2.438597303700111;1.7119066661678997;-0.10235828501673586;
2.5975573178819915;1.4133578127627648;-0.09506832165206289;
2.3852950936827706;1.3917848003914655;0.7563231457299576;
2.5991556175078663;1.6380809320438452;0.15866155315159375;
2.663167474548443;1.6014931330271653;-0.04935474580119187;
2.6500111421315204;1.3781028842320049;0.18468007521284618;
2.68087517973992;1.5353884294275186;0.10363620181458263;
2.335504128189321;1.7694191118421232;0.011423735093164605;
3.1326018317949034;1.773534872643546;-0.08306421969920119;
2.592989423388995;1.2281050139191798;0.10137436327194158;
3.1066793975412628;1.6005633405745237;0.3191440255090169;
2.7360619040691287;1.4553611383359861;-0.08858486036221302;
2.6324221413767024;1.5059824610854364;0.48812075683900413;
2.898916827246981;1.694915817335513;0.09069215271603451;
2.942794794039651;1.636342327029324;-0.05595768005974561;
2.4823753743410566;1.3486582980403021;-0.176704161869696;
2.3995326926025777;1.4592475575018464;-0.1545533270571086;
2.23778853373704;1.6093423692660342;-0.2165105183920919;
2.665231552369419;1.960304524316701;0.028504783017462343;
2.459806186080268;1.836477819890015;0.019930123943522948;
2.3938971366480164;1.536670066956692;-0.02682447235251148;
2.4140510364290675;1.539463277067616;-0.1995203590502117;
2.8464016925821776;1.2431590931404826;0.24608509280858398;
3.00682106374484;1.6867671734296636;0.2656420504566597;
2.9192246077620605;1.463242652209794;-0.029047633781881244;
2.621670714753312;1.2903733471249403;-0.08269896345768768;
2.6619431302761254;1.2902515163380501;0.3797331387372427;
2.7060728766847335;1.7070064189831988;0.01569382010762156;
2.4481094982881775;1.2325208415532796;0.2366258130194873;
2.4855698123021557;1.7229069928968395;0.009772518203236921;
2.619686088453402;1.513455675779138;-0.03454593217791585;
2.5852098859671218;1.7089211882616557;0.040927372769814535;
2.589978006990815;1.6485420184656059;0.2509359543249744;
2.861649788428656;2.2477063983861383;-0.17533206163880433;
2.612769593139667;1.6810323361176853;0.009197820656694958;
2.8090671029101366;1.6173756548688913;0.20096845330346835;
2.913647168976313;1.9582363905538152;0.11349856174849887;
2.380031633675314;1.6008292024968886;-0.047079921081213755;
2.7909649666907206;1.7179859785236757;0.19855150371754793;
2.936691145592013;1.8285488074284586;0.13682086424742826;
2.788315165773743;1.390257358713297;-0.08803061362800207;
2.9897434897117448;1.3117099429050452;0.20255963753387843;
2.9956073082084758;1.5083840680618488;0.30137035635253595;
2.454706916201812;1.2962795475085414;0.2675075710456657;
2.783027051822652;1.4594899576262055;0.16309557797453622;
2.608327113777873;1.75774905964772;-0.16359986154854184;
2.960714521010285;1.2643543128349444;0.12233689248000204;
3.0432873596654204;1.7659177546395757;-0.04024741409101423;
2.2919017695582635;1.7452578917140933;0.23871451542789496;
2.696117875397751;1.4488956899921117;0.24621176912608983;
2.508357379588808;1.6164426274186603;-0.052611499969886066;
2.604827279625347;1.652516988433752;0.45035829479283246;
2.7986548390868027;1.9657816890047302;0.283793680123848;
2.677515259062874;1.7858587050744157;0.0958375051571656;
2.672066971015285;2.024665478284151;-0.0050135327180295675;
2.443145848125183;1.7980237245398136;-0.308797747088287;
2.4651762770456767;1.3873521870643146;0.2340163585126947;
2.7890920582879914;1.4709250389779676;-0.2552908886697894;
2.485579542531249;1.6669785247307394;-0.019920408569683884;
2.5807951678419423;1.6086431375732086;0.25206414514910774;
2.4142951375803174;1.5742345507921565;-0.11663582842737;
2.675934781987611;1.2300381805662761;0.01457193228402466;
2.595065977286117;1.4516940623047365;0.10494097703114118;
2.814500015064206;1.6196814972752611;0.20972656252915464;
2.6896619543610853;1.407660215273257;-0.2899299760804599;
2.669703209778908;1.7434808908694597;0.07557721166572617;
2.7742188525455744;1.6815081157283016;0.33158505026517854;
2.9918278755145016;1.7431476886520403;0.0664635022179857;
3.063036391737503;1.550083795809028;0.04251237151622567;
2.5880605922698607;1.651006027828982;0.07626174162862064;
2.620538963420418;1.5620723653467272;-0.06826330369284239;
2.8005540050548943;1.8790536769337034;-0.12131729146542464;
2.9953722492737946;1.2514967001430861;0.5395371602762219;
3.051058632710795;1.501919429408227;0.13426458098526514;
2.9653521965249667;1.5662787830894849;0.5197998766794376;
2.985499811656361;1.5652344251681467;-0.08938320658293938;
2.4665124128549194;1.511704099263416;0.25810763422855676;
2.6815997247144336;1.616682730380278;0.09717279414431788;
2.3114304123575065;1.4950325751180293;0.24522203358354205;
2.863212635009596;1.2824653622045836;0.3137069832851804;
2.896509863361012;1.5254904215953753;0.4171286901046515;
2.475298021066856;1.9316299880794021;-0.16803406883884037;
2.860093336190637;1.8215783053905266;0.3422970061977594;
2.70635154549223;1.475878529447351;0.3936591170140802;
2.91352320529473;1.2419282719841822;0.18191131014542533;
3.0364407638090696;1.6591999431757323;0.016511929344644308;
2.9782443026548933;1.7589910266032567;0.06225011533299514;
2.698160501160672;1.6781361906577348;0.22060576397259685;
2.505618233301096;1.571792183005247;0.3947734732943337;
2.5182342108850992;1.8306304098670785;0.22528865416398022;
2.777973026669045;1.4687979604318404;-0.1362621945895542;
2.3837200862457575;2.107844553398163;0.039064181353581695;
2.8733652463056787;1.6330844679272123;0.07211793200616726;
2.6591186470568235;2.0720093655139085;0.45680822504203;
2.8813010563142503;1.5887818032503718;0.05397839326822371;
2.7458908294386175;1.9432642914134508;0.1121777088759205;
2.527281736488142;1.5159559193999999;0.07378064279434918;
2.826452495784641;1.4438719733376664;0.4601127261349159;
2.7013866808674116;1.8305707160785432;0.03625622402449631;
2.6157536333204354;1.7222769703486898;0.04881315106706069;
2.6125650898366555;1.478235890602059;0.305540770800376;
2.882355276075298;1.5825709261584875;0.40295767928313975;
2.530371484385248;1.9835737220906136;-0.030571874556002743;
2.630235621327598;1.3545587481589427;0.13968592350578163;
2.751070501304269;1.9979822134133363;0.4107603762743021;
3.0469142329338172;1.6331175216516447;-0.10127543011704102;
2.8982364704463404;1.8829482403328797;0.3460888406348108;
2.6665955976476066;1.699551283173893;0.22748157304966382;
2.61141474618532;1.5976295134682934;0.016357842011918644;
2.60043622075231;1.551518935311651;-0.022963747185277272;
2.597934274585734;1.9143466065409833;0.06589370763584934;
2.5831738083301277;2.123806081044201;0.02096936688002965;
2.526581994321002;1.2769411394287997;-0.003950201685782501;
2.796853561730761;1.6893925197012565;0.2936970107466863;
2.321248082471108;1.4911050430599668;0.1494839657803654;
2.592309366365703;1.853208862142097;-0.1949268552609547;
2.930193597997651;1.6373449213466607;0.32381882518461524;
2.5333740873195603;1.2195774890693105;0.41871898219200804;
2.5328713470011115;1.9531129964230465;0.016537158788653417;
-0.45277131653624636;2.4985291367875297;0.5612499305339511;
0.982963597031604;0.1532488935300298;0.06102087435122072;
1.5460235550402497;1.5622884487826574;2.2539857248782367;
0.012493975112786049;2.01094935695755;3.2476343560239878;
1.973958343039838;3.8441047342711894;1.6146037022168587;
2.630425129047248;3.3625268948852787;3.4465518187965096;
1.6119038916863095;1.1698239272687072;-0.3940103095547714;
3.9421834860731844;-0.2370866133452676;3.2541050624617105;
0.42881654529072066;2.5671613075006317;2.643378116062389;
3.8726384288570355;1.7743677862784284;1.8792092767903839;
3.6389900003141316;3.9223034221758217;3.742650186494746;
-0.026786740164281564;3.862895512760633;3.4617034749656836;
2.4154995698739326;1.1843019100773664;2.2091111815073363;
2.1567261966844473;3.6180300006223307;0.446025567300664;
3.243276758041248;2.7317954092791283;0.8492783705084272;
0.04986453822494852;1.636572356909388;2.4525874303311994;
2.5646739291317884;0.5215369585014162;-0.13135555275294442;
1.018034239741093;0.7082992095096665;-0.31056292089093557;
1.4610310415420664;2.2321122817307284;3.3738624377028126;
2.771027296858279;0.05384549392679516;3.459216394658452;
0.7198866328914311;3.944115331413622;3.205372062396756;
1.6408441290976397;2.7768245298706393;3.901692225885551;
3.376747824147766;3.065865772220719;0.5616415158669477;
0.3113637111758567;0.662047418739105;0.6418336329576906;
0.9588687550607524;1.4134015351612872;3.937860762360569;
3.1105804993785036;1.13620518367467;3.6950502870739905;
1.2358420949140587;1.987788421088235;2.3374591396377324;
1.6729673511627006;2.786735428630731;-0.01674555788646659;
2.23594906703229;2.3005316016467527;2.845020578050158;
3.7762604679732483;2.137441887205515;-0.10774750161424995;
1.5795955159007429;0.7787507154055509;1.6932888066222844;
1.723615452950375;0.5078065699481307;2.417950336534086;
3.9216243525704595;2.6214456378386375;2.657653794796515;
2.5096058661249434;1.2373289797404938;-0.09276950152526153;
3.3661490026996495;0.9732060585011792;1.859909889254424;
2.493831617253821;1.3605663574948124;0.4613427482915098;
2.902539140474521;1.2646299505787462;3.523727618456367;
0.9367945136109284;2.1451922542640953;0.583385618237422;
2.514477433594722;-0.1670297389859665;3.4601665754083357;
3.892957923518079;1.2001512564227204;1.6760234527967377;
1.5892113259850609;1.8615186965103163;-0.3408906288641146;
1.430247532692096;-0.03191309792114361;2.926006070129156;
2.828301403412751;1.3522929978592069;0.05657505942853769;
0.3643031328217292;0.7033489057983064;0.8042915599851215;
2.6597968057696657;0.19998983937753567;-0.15322467548912821;
3.281153991649351;3.0201487976746137;3.306505693603804;
0.32378447906452834;0.8531058516024705;3.01825235527291;
2.5311710205338303;0.06438082726263827;1.3109513942252082;
3.1460174337093263;0.5037570513099041;3.045646901845438;
3.0286085154501587;3.5052539410261074;1.0291552011054876;
0.09863586952423553;-0.074868995738744;2.941220770364341;
2.5891846923700315;-0.42939304911596077;1.9167372386051875;
0.5420843943228939;1.494693050637563;0.01522737780202088;
-0.10171193002526524;2.122467740194619;2.635838803227789;
2.540882362076528;0.08321030273291652;2.462099285820064;
1.5758124146578263;0.4203801057503209;2.9610347612714008;
0.48903114057973474;0.4212378253676219;1.5541079756630682;
2.7025210508908604;3.2809769343406945;0.48110996324124855;
-0.11690892687472165;0.053766173786033544;0.7080263665894084;
0.19536347154528788;-0.13157759732686403;2.1127440430887954;
0.7553268895024239;2.174030350769998;2.6891813201084815;
3.3744013336060186;1.0452773726967002;1.9384311229951994;
3.862222855338251;-0.4362686440954465;-0.17463594963305945;
1.0969609943393288;3.05411806978245;3.5501790409914005;
0.6999729770757006;2.719765902741767;3.9380432207651914;
0.05127635827984256;2.162347887719606;3.5989711314653707;
3.0465612129665383;-0.11141514575832717;1.0263164378186573;
3.394111115923496;0.18500725527580975;2.7548243910962418;
1.6664931610401883;-0.1339780430316848;1.0995866382258974;
0.7874890855502885;0.5503716495026396;3.496698178790506;
1.2393101346878441;1.7213071126862927;2.3860525030191706;
0.2774774049325286;1.6115394830717684;0.5095724117456935;
0.8153089229683124;-0.17659517213292403;2.407182014906316;
3.5626795690760984;-0.04672397784106863;3.7377430796969717;
2.7634711367426137;2.6511188041218023;0.7132537973237549;
0.8073314350197385;-0.2602136648142754;2.5597374551942194;
3.7579500732777467;0.6568611918692042;1.805112165338831;
-0.23974792149181612;3.0869414111769244;2.4281223205053735;
3.3745058143527475;3.1897934582052017;2.704218100105855;
1.8788903779484696;-0.3136652449927244;-0.31530399552380933;
0.009380049747770625;3.015360380997252;1.0820697775952173;
1.2207899815644836;3.5213877449759075;0.48189742136082603;
1.536058084469981;1.3541345765797965;3.2747268307225634;
0.4323633663508235;-0.416024269420543;2.139426906259713;
1.7244260904410482;3.9983901893507827;1.615549116182112;
3.8272514812818432;3.258578977863377;1.7517105579661636;
2.329657779145764;3.805882324859864;2.944846993129676;
1.2300192393913738;0.9980727203277115;3.0585272064831535;
1.4308830082106474;0.15882613732449968;-0.4521436799133158;
1.8527048042543517;1.977693414026099;3.4553763031459033;
3.8518431850793178;3.9648701115685787;1.9296655836402685;
0.944949640408763;2.5116402936809767;0.9704542074579894;
3.515317934351061;3.954717604557496;2.3282313290785264;
-0.002837915817716141;1.7287893919691357;-0.4241802469420487;
2.081536926402106;2.8476704014990775;3.163664059482831;
2.4004407230138685;1.6821797724777627;-0.4532051330469791;
2.057936366683245;0.44740100477495726;2.7162208244435635;
1.1577472505702056;1.4617524053383741;3.287142991691066;
3.3767793419786782;-0.3577237613056376;1.8580218451755597;
-0.4350200822138532;0.7652163741791038;1.6102905844344257;
